TempA(K)	TempB(K)	Current(A)	Voltage(V)	R(ohm)
15.174000	14.249000	0.000100	0.002362	23.621510
TempA(K)	TempB(K)	Current(A)	Voltage(V)	R(ohm)
15.173000	14.223000	0.000100	0.002361	23.610525
TempA(K)	TempB(K)	Current(A)	Voltage(V)	R(ohm)
15.176000	14.136000	0.000100	0.002361	23.607590
15.178000	14.131000	0.000100	0.002362	23.616855
15.178000	14.129000	0.000100	0.002362	23.617275
15.178000	14.157000	0.000100	0.002361	23.612205
15.178000	14.189000	0.000100	0.002362	23.618545
15.178000	14.213000	0.000100	0.002361	23.613070
15.176000	14.230000	0.000100	0.002361	23.613475
15.163000	14.199000	0.000100	0.002362	23.615170
15.040000	13.965000	0.000100	0.002361	23.607150
14.846000	13.554000	0.000100	0.002360	23.597885
14.602000	13.072000	0.000100	0.002359	23.593670
14.333000	12.568000	0.000100	0.002358	23.582700
14.051000	12.103000	0.000100	0.002357	23.573020
13.720000	11.670000	0.000100	0.002356	23.561210
13.420000	11.324000	0.000100	0.002356	23.556575
13.117000	11.055000	0.000100	0.002355	23.551945
12.820000	10.823000	0.000100	0.002354	23.536350
12.543000	10.524000	0.000100	0.002352	23.521615
12.241000	10.332000	0.000100	0.002351	23.509380
11.969000	10.143000	0.000100	0.002349	23.492920
11.700000	9.937000	0.000100	0.002347	23.468055
11.468000	9.705000	0.000100	0.002344	23.440655
11.264000	9.470000	0.000100	0.002343	23.427185
11.047000	9.278000	0.000100	0.002340	23.399350
10.857000	9.044000	0.000100	0.002336	23.359320
10.677000	8.835000	0.000100	0.002334	23.339510
10.511000	8.690000	0.000100	0.002330	23.299890
10.356000	8.607000	0.000100	0.002326	23.258580
10.204000	8.470000	0.000100	0.002321	23.208410
10.036000	8.407000	0.000100	0.002315	23.150235
9.889000	8.348000	0.000100	0.002308	23.075665
9.742000	8.280000	0.000100	0.002297	22.966460
9.590000	8.181000	0.000100	0.002272	22.719470
9.440000	8.067000	0.000100	0.001988	19.883595
9.287000	7.940000	0.000100	0.001018	10.183494
9.143000	7.798000	0.000100	0.000228	2.279061
9.008000	7.638000	0.000100	0.000066	0.663443
8.883000	7.499000	0.000100	0.000006	0.058167
8.773000	7.407000	0.000100	-0.000000	-0.001264
8.660000	7.316000	0.000100	-0.000001	-0.008429
8.571000	7.271000	0.000100	-0.000001	-0.012224
8.481000	7.241000	0.000100	-0.000000	-0.001264
8.388000	7.210000	0.000100	-0.000002	-0.015596
8.291000	7.127000	0.000100	-0.000001	-0.007587
8.189000	7.088000	0.000100	-0.000001	-0.008429
8.089000	7.023000	0.000100	-0.000001	-0.012645
7.985000	6.933000	0.000100	-0.000001	-0.010116
7.882000	6.822000	0.000100	-0.000001	-0.005901
7.785000	6.745000	0.000100	-0.000001	-0.008009
7.683000	6.626000	0.000100	-0.000000	-0.003793
7.596000	6.518000	0.000100	-0.000001	-0.008430
7.517000	6.448000	0.000100	-0.000001	-0.009694
7.438000	6.410000	0.000100	-0.000001	-0.010538
7.369000	6.386000	0.000100	-0.000001	-0.010539
7.297000	6.319000	0.000100	-0.000001	-0.010116
7.235000	6.294000	0.000100	-0.000001	-0.013066
7.169000	6.262000	0.000100	-0.000000	-0.003794
7.100000	6.213000	0.000100	-0.000001	-0.005479
7.029000	6.143000	0.000100	-0.000001	-0.010538
6.961000	6.084000	0.000100	-0.000001	-0.008851
6.892000	5.998000	0.000100	-0.000001	-0.005901
6.826000	5.902000	0.000100	-0.000001	-0.007586
6.770000	5.818000	0.000100	-0.000001	-0.005478
6.721000	5.768000	0.000100	-0.000000	-0.002107
6.657000	5.718000	0.000100	-0.000001	-0.008009
6.610000	5.696000	0.000100	-0.000000	-0.000421
6.562000	5.684000	0.000100	-0.000001	-0.012644
6.511000	5.671000	0.000100	-0.000001	-0.005479
6.456000	5.651000	0.000100	-0.000001	-0.009694
6.397000	5.605000	0.000100	-0.000001	-0.007587
6.349000	5.573000	0.000100	-0.000001	-0.008009
6.296000	5.522000	0.000100	-0.000001	-0.007587
6.245000	5.455000	0.000100	-0.000001	-0.013067
6.199000	5.381000	0.000100	-0.000001	-0.005901
6.162000	5.341000	0.000100	-0.000001	-0.006745
6.118000	5.277000	0.000100	-0.000000	-0.002951
6.086000	5.239000	0.000100	-0.000002	-0.016018
6.055000	5.225000	0.000100	-0.000001	-0.012646
6.024000	5.217000	0.000100	-0.000001	-0.005900
5.988000	5.180000	0.000100	-0.000001	-0.008852
5.945000	5.172000	0.000100	-0.000000	-0.004637
5.905000	5.160000	0.000100	-0.000001	-0.010117
5.859000	5.137000	0.000100	-0.000000	-0.003793
5.808000	5.096000	0.000100	-0.000001	-0.014753
5.757000	5.059000	0.000100	-0.000001	-0.010959
5.714000	5.001000	0.000100	-0.000001	-0.010960
5.671000	4.935000	0.000100	-0.000001	-0.006322
5.636000	4.882000	0.000100	-0.000001	-0.007166
5.609000	4.854000	0.000100	-0.000001	-0.013488
5.582000	4.842000	0.000100	-0.000001	-0.010115
5.540000	4.812000	0.000100	-0.000001	-0.013910
5.512000	4.806000	0.000100	-0.000001	-0.010538
5.478000	4.799000	0.000100	-0.000001	-0.005901
5.439000	4.790000	0.000100	-0.000001	-0.010116
5.393000	4.770000	0.000100	-0.000000	-0.004636
5.352000	4.740000	0.000100	-0.000000	-0.003793
5.301000	4.703000	0.000100	-0.000001	-0.012225
5.252000	4.650000	0.000100	-0.000001	-0.008430
5.210000	4.591000	0.000100	-0.000000	-0.000843
5.183000	4.548000	0.000100	-0.000001	-0.012224
5.165000	4.522000	0.000100	-0.000001	-0.011802
5.135000	4.502000	0.000100	-0.000000	-0.004214
5.117000	4.494000	0.000100	-0.000001	-0.010116
5.098000	4.491000	0.000100	-0.000001	-0.007165
5.076000	4.488000	0.000100	-0.000001	-0.012645
5.049000	4.463000	0.000100	-0.000001	-0.010538
5.020000	4.457000	0.000100	-0.000001	-0.005901
4.987000	4.440000	0.000100	-0.000001	-0.009695
4.950000	4.407000	0.000100	-0.000001	-0.006743
4.913000	4.359000	0.000100	-0.000001	-0.007166
4.888000	4.335000	0.000100	-0.000001	-0.008008
4.869000	4.285000	0.000100	0.000000	0.000001
4.854000	4.249000	0.000100	-0.000001	-0.010537
4.843000	4.234000	0.000100	-0.000001	-0.006744
4.833000	4.229000	0.000100	-0.000000	-0.002950
4.822000	4.228000	0.000100	-0.000001	-0.007165
4.804000	4.207000	0.000100	-0.000001	-0.010116
4.790000	4.206000	0.000100	-0.000001	-0.012646
4.773000	4.202000	0.000100	-0.000000	-0.002108
4.744000	4.174000	0.000100	-0.000001	-0.006744
4.720000	4.134000	0.000100	-0.000002	-0.015596
4.703000	4.114000	0.000100	-0.000001	-0.012224
4.674000	4.067000	0.000100	-0.000001	-0.005479
4.654000	4.037000	0.000100	-0.000001	-0.005901
4.640000	4.027000	0.000100	-0.000001	-0.008008
4.627000	4.025000	0.000100	-0.000001	-0.007588
4.599000	4.006000	0.000100	-0.000001	-0.007586
4.584000	4.007000	0.000100	-0.000001	-0.011802
4.566000	4.008000	0.000100	-0.000001	-0.005901
4.541000	4.005000	0.000100	-0.000001	-0.008430
4.508000	3.992000	0.000100	-0.000001	-0.011381
4.483000	3.974000	0.000100	-0.000001	-0.005478
4.445000	3.945000	0.000100	-0.000001	-0.010116
4.408000	3.904000	0.000100	-0.000001	-0.009272
4.386000	3.862000	0.000100	-0.000001	-0.011381
4.374000	3.838000	0.000100	-0.000001	-0.006322
4.357000	3.822000	0.000100	-0.000001	-0.011803
4.349000	3.815000	0.000100	-0.000001	-0.010115
4.342000	3.815000	0.000100	-0.000000	-0.002529
4.327000	3.818000	0.000100	-0.000001	-0.011380
4.318000	3.821000	0.000100	-0.000001	-0.012646
4.302000	3.805000	0.000100	-0.000001	-0.009695
4.286000	3.804000	0.000100	-0.000001	-0.014331
4.264000	3.791000	0.000100	-0.000000	-0.004636
4.239000	3.765000	0.000100	-0.000001	-0.009695
4.216000	3.728000	0.000100	-0.000001	-0.008430
4.199000	3.713000	0.000100	-0.000000	-0.003793
4.182000	3.677000	0.000100	-0.000001	-0.007166
4.171000	3.657000	0.000100	-0.000000	-0.003793
4.165000	3.653000	0.000100	-0.000001	-0.011380
4.159000	3.656000	0.000100	-0.000001	-0.008430
4.144000	3.643000	0.000100	-0.000001	-0.005057
4.137000	3.647000	0.000100	-0.000002	-0.018968
4.127000	3.652000	0.000100	-0.000001	-0.009273
4.112000	3.652000	0.000100	-0.000001	-0.008852
4.092000	3.641000	0.000100	-0.000001	-0.008009
4.077000	3.629000	0.000100	-0.000001	-0.012646
4.053000	3.605000	0.000100	-0.000001	-0.007165
4.031000	3.571000	0.000100	-0.000001	-0.009272
4.015000	3.540000	0.000100	-0.000001	-0.011380
4.007000	3.523000	0.000100	-0.000001	-0.008852
3.993000	3.512000	0.000100	-0.000000	-0.003792
3.989000	3.511000	0.000100	-0.000001	-0.008852
3.985000	3.515000	0.000100	-0.000000	-0.003372
3.980000	3.521000	0.000100	-0.000001	-0.010116
3.973000	3.527000	0.000100	-0.000001	-0.007587
3.958000	3.517000	0.000100	-0.000001	-0.010537
3.945000	3.517000	0.000100	-0.000001	-0.007587
3.923000	3.507000	0.000100	-0.000001	-0.008008
3.899000	3.484000	0.000100	-0.000001	-0.008430
3.876000	3.453000	0.000100	-0.000000	-0.003792
3.862000	3.444000	0.000100	-0.000000	-0.004215
3.849000	3.416000	0.000100	-0.000001	-0.005901
3.843000	3.403000	0.000100	-0.000000	-0.002528
3.841000	3.404000	0.000100	-0.000002	-0.016018
3.839000	3.409000	0.000100	-0.000001	-0.013066
3.826000	3.400000	0.000100	-0.000001	-0.009693
3.822000	3.407000	0.000100	-0.000001	-0.009694
3.816000	3.415000	0.000100	0.000000	0.000000
3.803000	3.416000	0.000100	-0.000001	-0.011380
3.783000	3.406000	0.000100	-0.000000	-0.004215
3.758000	3.397000	0.000100	-0.000001	-0.010116
3.746000	3.376000	0.000100	-0.000001	-0.010116
3.724000	3.346000	0.000100	-0.000001	-0.010959
3.712000	3.322000	0.000100	-0.000001	-0.006323
3.708000	3.312000	0.000100	-0.000001	-0.006744
3.695000	3.304000	0.000100	-0.000000	-0.003373
3.695000	3.306000	0.000100	-0.000001	-0.005480
3.694000	3.312000	0.000100	-0.000002	-0.015596
3.692000	3.320000	0.000100	-0.000001	-0.013068
3.686000	3.327000	0.000100	-0.000000	-0.004214
3.675000	3.321000	0.000100	-0.000001	-0.005900
3.663000	3.323000	0.000100	-0.000000	-0.004215
3.642000	3.314000	0.000100	-0.000001	-0.009273
3.619000	3.293000	0.000100	-0.000001	-0.012224
3.597000	3.266000	0.000100	-0.000000	-0.004216
3.586000	3.259000	0.000100	-0.000001	-0.012645
3.575000	3.237000	0.000100	-0.000001	-0.008431
3.572000	3.229000	0.000100	-0.000000	-0.003372
3.572000	3.232000	0.000100	-0.000001	-0.007165
3.573000	3.239000	0.000100	-0.000001	-0.012224
3.572000	3.233000	0.000100	-0.000000	-0.002106
3.562000	3.241000	0.000100	-0.000001	-0.010537
3.557000	3.250000	0.000100	-0.000001	-0.007587
3.544000	3.252000	0.000100	-0.000001	-0.005480
3.523000	3.243000	0.000100	-0.000001	-0.008851
3.499000	3.237000	0.000100	-0.000001	-0.011380
3.490000	3.217000	0.000100	-0.000001	-0.006744
3.470000	3.190000	0.000100	-0.000001	-0.011381
3.460000	3.170000	0.000100	-0.000001	-0.006744
3.458000	3.165000	0.000100	-0.000001	-0.013488
3.460000	3.160000	0.000100	-0.000001	-0.012223
3.451000	3.163000	0.000100	-0.000001	-0.005479
3.453000	3.170000	0.000100	-0.000000	-0.001263
3.454000	3.179000	0.000100	-0.000001	-0.008851
3.450000	3.188000	0.000100	-0.000001	-0.008851
3.438000	3.184000	0.000100	-0.000001	-0.011802
3.430000	3.187000	0.000100	-0.000002	-0.017703
3.411000	3.179000	0.000100	-0.000001	-0.014332
3.394000	3.161000	0.000100	-0.000001	-0.010116
3.385000	3.137000	0.000100	-0.000001	-0.011381
3.380000	3.118000	0.000100	-0.000001	-0.006322
3.376000	3.114000	0.000100	-0.000001	-0.009273
3.376000	3.109000	0.000100	-0.000001	-0.007587
3.377000	3.113000	0.000100	-0.000001	-0.006744
3.379000	3.121000	0.000100	-0.000002	-0.015597
3.379000	3.129000	0.000100	-0.000001	-0.005900
3.374000	3.125000	0.000100	0.000000	0.003795
3.373000	3.135000	0.000100	-0.000000	-0.004636
3.368000	3.138000	0.000100	-0.000001	-0.008852
3.359000	3.132000	0.000100	-0.000002	-0.020654
