TempA(K)	Current(A)	Voltage(V)	R(ohm)
3.920000	1.000000E-5	-9.000000E-7	-0.090000
3.909000	1.000000E-5	-3.035000E-7	-0.030350
3.947000	1.000000E-5	-4.200000E-7	-0.042000
3.979000	1.000000E-5	-5.130000E-7	-0.051300
4.049000	1.000000E-5	-3.090000E-7	-0.030900
4.147000	1.000000E-5	-5.045000E-7	-0.050450
4.191000	1.000000E-5	-7.940000E-7	-0.079400
TempA(K)	Current(A)	Voltage(V)	R(ohm)
4.213000	1.000000E-5	2.049500E-6	0.204950
4.119000	1.000000E-5	6.495000E-7	0.064950
TempA(K)	Current(A)	Voltage(V)	R(ohm)
4.050000	5.000000E-5	9.290000E-7	0.018580
4.034000	5.000000E-5	2.105000E-7	0.004210
4.150000	5.000000E-5	-3.380000E-7	-0.006760
4.191000	5.000000E-5	1.012000E-6	0.020240
4.043000	5.000000E-5	5.905000E-7	0.011810
4.023000	5.000000E-5	7.595000E-7	0.015190
4.088000	5.000000E-5	-6.335000E-7	-0.012670
4.229000	5.000000E-5	1.180500E-6	0.023610
4.138000	5.000000E-5	2.530000E-7	0.005060
4.086000	5.000000E-5	1.727000E-6	0.034540
4.151000	5.000000E-5	-1.349000E-6	-0.026980
4.286000	5.000000E-5	6.740000E-7	0.013480
4.261000	5.000000E-5	7.580000E-7	0.015160
4.168000	5.000000E-5	-3.785000E-7	-0.007570
4.182000	5.000000E-5	-2.277000E-6	-0.045540
4.302000	5.000000E-5	-1.519500E-6	-0.030390
4.344000	5.000000E-5	1.348500E-6	0.026970
4.266000	5.000000E-5	2.105000E-7	0.004210
4.261000	5.000000E-5	-1.095000E-6	-0.021900
4.386000	5.000000E-5	-3.795000E-7	-0.007590
4.484000	5.000000E-5	8.860000E-7	0.017720
4.391000	5.000000E-5	-3.385000E-7	-0.006770
4.354000	5.000000E-5	-1.138500E-6	-0.022770
4.403000	5.000000E-5	1.645000E-6	0.032900
4.594000	5.000000E-5	9.685000E-7	0.019370
4.525000	5.000000E-5	1.675000E-7	0.003350
4.464000	5.000000E-5	-2.100000E-7	-0.004200
4.485000	5.000000E-5	-1.562000E-6	-0.031240
4.712000	5.000000E-5	4.200000E-7	0.008400
4.710000	5.000000E-5	-1.260000E-7	-0.002520
4.616000	5.000000E-5	-3.805000E-7	-0.007610
4.621000	5.000000E-5	-1.768500E-6	-0.035370
4.733000	5.000000E-5	2.530000E-7	0.005060
4.797000	5.000000E-5	-1.270000E-7	-0.002540
4.741000	5.000000E-5	-8.300000E-8	-0.001660
4.736000	5.000000E-5	-1.137500E-6	-0.022750
4.820000	5.000000E-5	-8.830000E-7	-0.017660
4.899000	5.000000E-5	5.480000E-7	0.010960
4.862000	5.000000E-5	1.270000E-7	0.002540
4.837000	5.000000E-5	-6.760000E-7	-0.013520
4.865000	5.000000E-5	-2.109000E-6	-0.042180
5.002000	5.000000E-5	-2.140000E-7	-0.004280
4.994000	5.000000E-5	4.215000E-7	0.008430
4.949000	5.000000E-5	2.525000E-7	0.005050
4.962000	5.000000E-5	-1.095500E-6	-0.021910
5.137000	5.000000E-5	-6.325000E-7	-0.012650
5.170000	5.000000E-5	4.645000E-7	0.009290
5.104000	5.000000E-5	3.498000E-6	0.069960
5.102000	5.000000E-5	-1.812000E-6	-0.036240
5.186000	5.000000E-5	-1.263500E-6	-0.025270
5.337000	5.000000E-5	8.030000E-7	0.016060
5.253000	5.000000E-5	-2.130000E-7	-0.004260
5.234000	5.000000E-5	-1.183000E-6	-0.023660
5.269000	5.000000E-5	-1.054000E-6	-0.021080
5.497000	5.000000E-5	-8.430000E-7	-0.016860
5.461000	5.000000E-5	-4.200000E-8	-0.000840
5.400000	5.000000E-5	-1.680000E-7	-0.003360
5.427000	5.000000E-5	-1.559000E-6	-0.031180
5.585000	5.000000E-5	-1.011500E-6	-0.020230
5.585000	5.000000E-5	4.350000E-8	0.000870
5.538000	5.000000E-5	1.095000E-6	0.021900
5.389000	5.000000E-5	-8.010000E-7	-0.016020
5.481000	5.000000E-5	-7.165000E-7	-0.014330
5.720000	5.000000E-5	5.925000E-7	0.011850
5.687000	5.000000E-5	2.125000E-7	0.004250
5.677000	5.000000E-5	-1.434000E-6	-0.028680
5.756000	5.000000E-5	-1.181000E-6	-0.023620
5.902000	5.000000E-5	8.870000E-7	0.017740
5.897000	5.000000E-5	-1.264500E-6	-0.025290
5.843000	5.000000E-5	-1.223000E-6	-0.024460
5.856000	5.000000E-5	-1.179500E-6	-0.023590
5.986000	5.000000E-5	8.450000E-8	0.001690
6.050000	5.000000E-5	2.120000E-7	0.004240
6.004000	5.000000E-5	1.094500E-6	0.021890
6.001000	5.000000E-5	-1.096000E-6	-0.021920
TempA(K)	Current(A)	Voltage(V)	R(ohm)
6.570000	5.000000E-5	2.525000E-7	0.005050
6.516000	5.000000E-5	8.010000E-7	0.016020
6.440000	5.000000E-5	-6.295000E-7	-0.012590
6.421000	5.000000E-5	8.420000E-7	0.016840
6.284000	5.000000E-5	1.685500E-6	0.033710
6.106000	5.000000E-5	1.559500E-6	0.031190
5.965000	5.000000E-5	-2.105000E-7	-0.004210
6.035000	5.000000E-5	5.040000E-7	0.010080
6.027000	5.000000E-5	6.295000E-7	0.012590
5.788000	5.000000E-5	2.530000E-7	0.005060
5.685000	5.000000E-5	5.075000E-7	0.010150
5.726000	5.000000E-5	1.054000E-6	0.021080
TempA(K)	Current(A)	Voltage(V)	R(ohm)
TempA(K)	Current(A)	Voltage(V)	R(ohm)
TempA(K)	Current(A)	Voltage(V)	R(ohm)
TempA(K)	Current(A)	Voltage(V)	R(ohm)
TempA(K)	Current(A)	Voltage(V)	R(ohm)
TempA(K)	Current(A)	Voltage(V)	R(ohm)
4.010000	5.000000E-5	-2.529500E-6	-0.050590
3.925000	5.000000E-5	-4.220000E-7	-0.008440
3.979000	5.000000E-5	8.350000E-8	0.001670
4.113000	5.000000E-5	-1.055500E-6	-0.021110
4.013000	5.000000E-5	8.000000E-7	0.016000
3.937000	5.000000E-5	-1.686500E-6	-0.033730
3.935000	5.000000E-5	1.601500E-6	0.032030
4.116000	5.000000E-5	4.645000E-7	0.009290
4.081000	5.000000E-5	-2.696500E-6	-0.053930
3.970000	5.000000E-5	0.000000E+0	0.000000
3.941000	5.000000E-5	-1.705000E-7	-0.003410
4.061000	5.000000E-5	-8.005000E-7	-0.016010
4.127000	5.000000E-5	1.434000E-6	0.028680
3.979000	5.000000E-5	1.264500E-6	0.025290
3.943000	5.000000E-5	-1.054000E-6	-0.021080
4.065000	5.000000E-5	5.895000E-7	0.011790
4.136000	5.000000E-5	2.403000E-6	0.048060
4.041000	5.000000E-5	8.415000E-7	0.016830
3.962000	5.000000E-5	-3.375000E-7	-0.006750
3.995000	5.000000E-5	-9.680000E-7	-0.019360
4.133000	5.000000E-5	1.771000E-6	0.035420
4.110000	5.000000E-5	1.938500E-6	0.038770
TempA(K)	Current(A)	Voltage(V)	R(ohm)
4.034000	5.000000E-5	1.179500E-6	0.023590
4.006000	5.000000E-5	1.680000E-7	0.003360
4.061000	5.000000E-5	9.265000E-7	0.018530
TempA(K)	Current(A)	Voltage(V)	R(ohm)
3.945000	5.000000E-5	8.400000E-8	0.001680
4.087000	5.000000E-5	-6.320000E-7	-0.012640
4.127000	5.000000E-5	5.495000E-7	0.010990
4.018000	5.000000E-5	-2.110000E-7	-0.004220
3.947000	5.000000E-5	-7.796500E-6	-0.155930
4.012000	5.000000E-5	2.960000E-7	0.005920
4.143000	5.000000E-5	2.107500E-6	0.042150
4.037000	5.000000E-5	8.865000E-7	0.017730
3.974000	5.000000E-5	-1.275000E-7	-0.002550
3.982000	5.000000E-5	-1.010000E-6	-0.020200
4.166000	5.000000E-5	8.870000E-7	0.017740
4.123000	5.000000E-5	2.110000E-7	0.004220
4.024000	5.000000E-5	2.780000E-6	0.055600
4.013000	5.000000E-5	-9.280000E-7	-0.018560
4.141000	5.000000E-5	-5.465000E-7	-0.010930
4.196000	5.000000E-5	-1.670000E-7	-0.003340
4.058000	5.000000E-5	2.930000E-7	0.005860
4.037000	5.000000E-5	-6.325000E-7	-0.012650
4.096000	5.000000E-5	8.350000E-8	0.001670
4.230000	5.000000E-5	2.500000E-7	0.005000
TempA(K)	Current(A)	Voltage(V)	R(ohm)
4.141000	5.000000E-5	6.745000E-7	0.013490
4.226000	5.000000E-5	-5.055000E-7	-0.010110
4.267000	5.000000E-5	0.000000E+0	0.000000
4.156000	5.000000E-5	3.370000E-7	0.006740
4.048000	5.000000E-5	-2.110000E-7	-0.004220
4.082000	5.000000E-5	4.400000E-8	0.000880
4.217000	5.000000E-5	5.900000E-7	0.011800
TempA(K)	Current(A)	Voltage(V)	R(ohm)
TempA(K)	Current(A)	Voltage(V)	R(ohm)
4.029000	5.000000E-5	-4.050000E-8	-0.000810
4.104000	5.000000E-5	2.135000E-7	0.004270
3.988000	5.000000E-5	1.221500E-6	0.024430
3.939000	5.000000E-5	-1.390000E-6	-0.027800
4.031000	5.000000E-5	1.642000E-6	0.032840
4.137000	5.000000E-5	2.520000E-7	0.005040
4.061000	5.000000E-5	1.475000E-6	0.029500
3.960000	5.000000E-5	2.107000E-6	0.042140
3.986000	5.000000E-5	-1.182500E-6	-0.023650
4.131000	5.000000E-5	3.370000E-7	0.006740
4.089000	5.000000E-5	1.138000E-6	0.022760
4.002000	5.000000E-5	4.350000E-8	0.000870
3.995000	5.000000E-5	8.870000E-7	0.017740
4.158000	5.000000E-5	8.015000E-7	0.016030
4.172000	5.000000E-5	1.390500E-6	0.027810
4.069000	5.000000E-5	9.265000E-7	0.018530
4.029000	5.000000E-5	-1.811500E-6	-0.036230
4.114000	5.000000E-5	1.180000E-6	0.023600
4.224000	5.000000E-5	1.601000E-6	0.032020
4.105000	5.000000E-5	1.139000E-6	0.022780
4.065000	5.000000E-5	4.250000E-8	0.000850
4.088000	5.000000E-5	-8.250000E-8	-0.001650
4.259000	5.000000E-5	3.350000E-7	0.006700
4.197000	5.000000E-5	1.011000E-6	0.020220
4.105000	5.000000E-5	2.022500E-6	0.040450
4.126000	5.000000E-5	3.370000E-7	0.006740
4.260000	5.000000E-5	2.489000E-6	0.049780
4.236000	5.000000E-5	8.460000E-7	0.016920
4.158000	5.000000E-5	-1.392000E-6	-0.027840
4.150000	5.000000E-5	-1.139500E-6	-0.022790
4.298000	5.000000E-5	2.115000E-7	0.004230
4.322000	5.000000E-5	2.135000E-7	0.004270
4.232000	5.000000E-5	-7.575000E-7	-0.015150
4.195000	5.000000E-5	5.055000E-7	0.010110
4.266000	5.000000E-5	-1.000000E-9	-0.000020
4.376000	5.000000E-5	1.095000E-6	0.021900
4.277000	5.000000E-5	4.150000E-8	0.000830
4.240000	5.000000E-5	-4.640000E-7	-0.009280
4.256000	5.000000E-5	-8.440000E-7	-0.016880
4.428000	5.000000E-5	6.315000E-7	0.012630
4.369000	5.000000E-5	2.105000E-7	0.004210
4.296000	5.000000E-5	4.615000E-7	0.009230
4.302000	5.000000E-5	3.375000E-7	0.006750
4.433000	5.000000E-5	-1.729000E-6	-0.034580
4.481000	5.000000E-5	1.474500E-6	0.029490
4.341000	5.000000E-5	1.940000E-6	0.038800
4.334000	5.000000E-5	-8.400000E-8	-0.001680
TempA(K)	Current(A)	Voltage(V)	R(ohm)
TempA(K)	Current(A)	Voltage(V)	R(ohm)
4.076000	5.000000E-5	-7.160000E-7	-0.014320
4.208000	5.000000E-5	-4.240000E-7	-0.008480
4.176000	5.000000E-5	1.250000E-7	0.002500
4.037000	5.000000E-5	7.155000E-7	0.014310
4.033000	5.000000E-5	-2.095000E-7	-0.004190
4.147000	5.000000E-5	-1.771000E-6	-0.035420
4.178000	5.000000E-5	1.263000E-6	0.025260
4.067000	5.000000E-5	-1.389500E-6	-0.027790
4.032000	5.000000E-5	-1.600000E-6	-0.032000
4.151000	5.000000E-5	4.650000E-7	0.009300
4.220000	5.000000E-5	1.936500E-6	0.038730
4.127000	5.000000E-5	2.525000E-7	0.005050
4.041000	5.000000E-5	-1.138500E-6	-0.022770
4.086000	5.000000E-5	-3.795000E-7	-0.007590
4.219000	5.000000E-5	1.392000E-6	0.027840
4.137000	5.000000E-5	-1.098500E-6	-0.021970
4.062000	5.000000E-5	-3.775000E-7	-0.007550
4.058000	5.000000E-5	-6.320000E-7	-0.012640
4.229000	5.000000E-5	1.695000E-7	0.003390
4.207000	5.000000E-5	-4.250000E-8	-0.000850
4.075000	5.000000E-5	-1.280000E-7	-0.002560
4.073000	5.000000E-5	3.375000E-7	0.006750
4.180000	5.000000E-5	8.500000E-8	0.001700
4.221000	5.000000E-5	1.306500E-6	0.026130
4.115000	5.000000E-5	-1.009500E-6	-0.020190
4.083000	5.000000E-5	-1.223500E-6	-0.024470
4.193000	5.000000E-5	3.375000E-7	0.006750
4.267000	5.000000E-5	1.686500E-6	0.033730
4.181000	5.000000E-5	8.015000E-7	0.016030
4.099000	5.000000E-5	-1.097000E-6	-0.021940
4.138000	5.000000E-5	-1.305500E-6	-0.026110
4.269000	5.000000E-5	6.755000E-7	0.013510
4.199000	5.000000E-5	1.266000E-6	0.025320
4.125000	5.000000E-5	2.317500E-6	0.046350
4.122000	5.000000E-5	-7.145000E-7	-0.014290
4.286000	5.000000E-5	6.730000E-7	0.013460
4.271000	5.000000E-5	7.160000E-7	0.014320
4.170000	5.000000E-5	1.264000E-6	0.025280
4.142000	5.000000E-5	-2.907000E-6	-0.058140
4.241000	5.000000E-5	7.995000E-7	0.015990
4.318000	5.000000E-5	7.165000E-7	0.014330
4.190000	5.000000E-5	9.705000E-7	0.019410
4.158000	5.000000E-5	2.130000E-7	0.004260
4.192000	5.000000E-5	-7.170000E-7	-0.014340
4.338000	5.000000E-5	1.686000E-6	0.033720
4.259000	5.000000E-5	1.137000E-6	0.022740
4.180000	5.000000E-5	3.780000E-7	0.007560
4.213000	5.000000E-5	-1.700000E-7	-0.003400
TempA(K)	Current(A)	Voltage(V)	R(ohm)
4.392000	5.000000E-5	4.625000E-7	0.009250
4.363000	5.000000E-5	1.350000E-6	0.027000
4.305000	5.000000E-5	1.309500E-6	0.026190
4.296000	5.000000E-5	2.277500E-6	0.045550
4.288000	5.000000E-5	1.518500E-6	0.030370
4.283000	5.000000E-5	1.854500E-6	0.037090
4.277000	5.000000E-5	3.370000E-7	0.006740
4.273000	5.000000E-5	3.350000E-7	0.006700
4.269000	5.000000E-5	1.770500E-6	0.035410
4.266000	5.000000E-5	4.655000E-7	0.009310
4.210000	5.000000E-5	5.065000E-7	0.010130
4.208000	5.000000E-5	4.630000E-7	0.009260
4.207000	5.000000E-5	-8.850000E-7	-0.017700
4.207000	5.000000E-5	-1.010000E-6	-0.020200
4.206000	5.000000E-5	0.000000E+0	0.000000
4.207000	5.000000E-5	6.750000E-7	0.013500
4.207000	5.000000E-5	6.750000E-7	0.013500
4.208000	5.000000E-5	-4.400000E-8	-0.000880
4.164000	5.000000E-5	3.380000E-7	0.006760
4.164000	5.000000E-5	9.695000E-7	0.019390
4.166000	5.000000E-5	1.728500E-6	0.034570
4.169000	5.000000E-5	1.349000E-6	0.026980
4.171000	5.000000E-5	7.150000E-7	0.014300
4.173000	5.000000E-5	-5.040000E-7	-0.010080
4.176000	5.000000E-5	-4.200000E-8	-0.000840
4.179000	5.000000E-5	1.390500E-6	0.027810
4.157000	5.000000E-5	-5.065000E-7	-0.010130
4.161000	5.000000E-5	8.200000E-8	0.001640
4.165000	5.000000E-5	-3.385000E-7	-0.006770
4.168000	5.000000E-5	1.000000E-9	0.000020
4.171000	5.000000E-5	1.265000E-7	0.002530
4.174000	5.000000E-5	-8.450000E-7	-0.016900
4.178000	5.000000E-5	1.940000E-6	0.038800
4.182000	5.000000E-5	-8.435000E-7	-0.016870
4.175000	5.000000E-5	-1.519000E-6	-0.030380
4.179000	5.000000E-5	1.476500E-6	0.029530
4.183000	5.000000E-5	-7.595000E-7	-0.015190
4.189000	5.000000E-5	2.105000E-7	0.004210
4.193000	5.000000E-5	1.643500E-6	0.032870
4.198000	5.000000E-5	1.013000E-6	0.020260
4.202000	5.000000E-5	1.222000E-6	0.024440
4.207000	5.000000E-5	-2.105000E-7	-0.004210
4.209000	5.000000E-5	-8.020000E-7	-0.016040
4.214000	5.000000E-5	-1.684500E-6	-0.033690
4.218000	5.000000E-5	1.054000E-6	0.021080
4.224000	5.000000E-5	6.740000E-7	0.013480
4.228000	5.000000E-5	1.280000E-7	0.002560
4.233000	5.000000E-5	-1.220500E-6	-0.024410
4.239000	5.000000E-5	-2.654500E-6	-0.053090
4.244000	5.000000E-5	-1.053000E-6	-0.021060
4.259000	5.000000E-5	-1.644000E-6	-0.032880
4.263000	5.000000E-5	2.965000E-7	0.005930
4.269000	5.000000E-5	-6.320000E-7	-0.012640
4.273000	5.000000E-5	5.895000E-7	0.011790
4.279000	5.000000E-5	-1.392500E-6	-0.027850
4.284000	5.000000E-5	-7.170000E-7	-0.014340
4.289000	5.000000E-5	-1.518000E-6	-0.030360
4.293000	5.000000E-5	-2.110000E-7	-0.004220
4.339000	5.000000E-5	-1.475500E-6	-0.029510
4.344000	5.000000E-5	-1.306500E-6	-0.026130
4.350000	5.000000E-5	-6.310000E-7	-0.012620
4.354000	5.000000E-5	-7.580000E-7	-0.015160
4.358000	5.000000E-5	-3.385000E-7	-0.006770
4.363000	5.000000E-5	3.805000E-7	0.007610
4.368000	5.000000E-5	-4.469000E-6	-0.089380
4.374000	5.000000E-5	2.955000E-7	0.005910
4.378000	5.000000E-5	8.350000E-8	0.001670
4.381000	5.000000E-5	8.425000E-7	0.016850
4.385000	5.000000E-5	-3.380000E-7	-0.006760
4.389000	5.000000E-5	9.270000E-7	0.018540
4.394000	5.000000E-5	4.200000E-8	0.000840
4.399000	5.000000E-5	-7.615000E-7	-0.015230
4.405000	5.000000E-5	-1.264500E-6	-0.025290
4.412000	5.000000E-5	5.080000E-7	0.010160
4.508000	5.000000E-5	4.210000E-7	0.008420
4.514000	5.000000E-5	6.755000E-7	0.013510
4.519000	5.000000E-5	1.260000E-7	0.002520
4.525000	5.000000E-5	-9.705000E-7	-0.019410
4.532000	5.000000E-5	-7.165000E-7	-0.014330
4.537000	5.000000E-5	-1.181000E-6	-0.023620
4.543000	5.000000E-5	9.270000E-7	0.018540
4.551000	5.000000E-5	6.760000E-7	0.013520
4.643000	5.000000E-5	3.780000E-7	0.007560
4.648000	5.000000E-5	1.180500E-6	0.023610
4.655000	5.000000E-5	-8.005000E-7	-0.016010
4.661000	5.000000E-5	6.755000E-7	0.013510
4.668000	5.000000E-5	6.715000E-7	0.013430
4.675000	5.000000E-5	7.140000E-7	0.014280
4.681000	5.000000E-5	8.015000E-7	0.016030
4.687000	5.000000E-5	1.182000E-6	0.023640
4.722000	5.000000E-5	9.710000E-7	0.019420
4.728000	5.000000E-5	1.726500E-6	0.034530
4.733000	5.000000E-5	8.500000E-8	0.001700
4.738000	5.000000E-5	1.685000E-7	0.003370
4.743000	5.000000E-5	2.535000E-7	0.005070
4.748000	5.000000E-5	5.060000E-7	0.010120
4.753000	5.000000E-5	4.225000E-7	0.008450
4.759000	5.000000E-5	2.405000E-6	0.048100
4.757000	5.000000E-5	8.865000E-7	0.017730
4.763000	5.000000E-5	-4.150000E-8	-0.000830
4.769000	5.000000E-5	-5.000000E-10	-0.000010
4.775000	5.000000E-5	8.855000E-7	0.017710
4.781000	5.000000E-5	1.255000E-7	0.002510
4.787000	5.000000E-5	-8.855000E-7	-0.017710
4.793000	5.000000E-5	1.290000E-7	0.002580
4.799000	5.000000E-5	0.000000E+0	0.000000
4.774000	5.000000E-5	-4.625000E-7	-0.009250
4.782000	5.000000E-5	7.590000E-7	0.015180
4.788000	5.000000E-5	-1.260000E-7	-0.002520
4.795000	5.000000E-5	-9.270000E-7	-0.018540
4.802000	5.000000E-5	5.065000E-7	0.010130
4.809000	5.000000E-5	1.391000E-6	0.027820
4.816000	5.000000E-5	4.210000E-7	0.008420
4.823000	5.000000E-5	3.810000E-7	0.007620
4.790000	5.000000E-5	1.098000E-6	0.021960
4.798000	5.000000E-5	-8.015000E-7	-0.016030
4.805000	5.000000E-5	1.306000E-6	0.026120
4.812000	5.000000E-5	4.220000E-7	0.008440
4.820000	5.000000E-5	7.671500E-6	0.153430
4.827000	5.000000E-5	-7.160000E-7	-0.014320
4.835000	5.000000E-5	8.835000E-7	0.017670
4.842000	5.000000E-5	4.300000E-8	0.000860
4.814000	5.000000E-5	-3.355000E-7	-0.006710
4.822000	5.000000E-5	9.695000E-7	0.019390
4.829000	5.000000E-5	1.695000E-7	0.003390
4.836000	5.000000E-5	1.690000E-7	0.003380
4.844000	5.000000E-5	-1.475000E-6	-0.029500
4.851000	5.000000E-5	-3.805000E-7	-0.007610
4.859000	5.000000E-5	-8.020000E-7	-0.016040
4.866000	5.000000E-5	-4.350000E-8	-0.000870
4.850000	5.000000E-5	-5.475000E-7	-0.010950
4.858000	5.000000E-5	3.800000E-7	0.007600
4.864000	5.000000E-5	4.650000E-7	0.009300
4.873000	5.000000E-5	-1.000000E-9	-0.000020
4.880000	5.000000E-5	3.380000E-7	0.006760
4.886000	5.000000E-5	1.280000E-7	0.002560
4.893000	5.000000E-5	-1.729500E-6	-0.034590
4.900000	5.000000E-5	-2.955000E-7	-0.005910
4.893000	5.000000E-5	-1.224000E-6	-0.024480
4.901000	5.000000E-5	-4.200000E-8	-0.000840
4.910000	5.000000E-5	-2.064500E-6	-0.041290
4.920000	5.000000E-5	-8.855000E-7	-0.017710
4.929000	5.000000E-5	-2.023500E-6	-0.040470
4.939000	5.000000E-5	-6.320000E-7	-0.012640
4.948000	5.000000E-5	-7.170000E-7	-0.014340
4.958000	5.000000E-5	2.985000E-7	0.005970
4.957000	5.000000E-5	-3.780000E-7	-0.007560
4.967000	5.000000E-5	-7.165000E-7	-0.014330
4.976000	5.000000E-5	2.100000E-7	0.004200
4.986000	5.000000E-5	-2.403000E-6	-0.048060
4.994000	5.000000E-5	-1.306500E-6	-0.026130
5.004000	5.000000E-5	-4.220000E-7	-0.008440
5.014000	5.000000E-5	-1.517500E-6	-0.030350
5.023000	5.000000E-5	-1.222000E-6	-0.024440
5.034000	5.000000E-5	-1.179500E-6	-0.023590
5.044000	5.000000E-5	3.000000E-9	0.000060
5.052000	5.000000E-5	-2.571000E-6	-0.051420
5.060000	5.000000E-5	-1.516500E-6	-0.030330
5.070000	5.000000E-5	-1.308000E-6	-0.026160
5.078000	5.000000E-5	7.170000E-7	0.014340
5.087000	5.000000E-5	-5.455000E-7	-0.010910
5.095000	5.000000E-5	-1.095500E-6	-0.021910
5.140000	5.000000E-5	2.530000E-7	0.005060
5.147000	5.000000E-5	3.820000E-7	0.007640
5.155000	5.000000E-5	4.225000E-7	0.008450
5.161000	5.000000E-5	-4.215000E-7	-0.008430
5.169000	5.000000E-5	8.835000E-7	0.017670
5.176000	5.000000E-5	-1.055000E-6	-0.021100
5.183000	5.000000E-5	1.715000E-7	0.003430
5.189000	5.000000E-5	-2.125000E-7	-0.004250
5.279000	5.000000E-5	1.270000E-7	0.002540
5.289000	5.000000E-5	-5.895000E-7	-0.011790
5.296000	5.000000E-5	1.685000E-7	0.003370
5.305000	5.000000E-5	6.745000E-7	0.013490
5.313000	5.000000E-5	-2.945000E-7	-0.005890
5.321000	5.000000E-5	1.770000E-6	0.035400
5.329000	5.000000E-5	2.120000E-7	0.004240
5.337000	5.000000E-5	2.115000E-7	0.004230
5.430000	5.000000E-5	-3.805000E-7	-0.007610
5.438000	5.000000E-5	-2.935000E-7	-0.005870
5.446000	5.000000E-5	3.800000E-7	0.007600
5.454000	5.000000E-5	-1.695000E-7	-0.003390
5.462000	5.000000E-5	3.795000E-7	0.007590
5.472000	5.000000E-5	3.795000E-7	0.007590
5.479000	5.000000E-5	3.790000E-7	0.007580
5.327000	5.000000E-5	1.263500E-6	0.025270
5.449000	5.000000E-5	-5.900000E-7	-0.011800
5.520000	5.000000E-5	1.686500E-6	0.033730
5.534000	5.000000E-5	8.350000E-8	0.001670
5.545000	5.000000E-5	1.561500E-6	0.031230
5.555000	5.000000E-5	-7.155000E-7	-0.014310
5.564000	5.000000E-5	6.315000E-7	0.012630
5.574000	5.000000E-5	-4.645000E-7	-0.009290
5.583000	5.000000E-5	1.306000E-6	0.026120
5.594000	5.000000E-5	-3.380000E-7	-0.006760
5.605000	5.000000E-5	4.215000E-7	0.008430
5.616000	5.000000E-5	5.070000E-7	0.010140
5.626000	5.000000E-5	2.105000E-7	0.004210
5.635000	5.000000E-5	1.264500E-6	0.025290
5.645000	5.000000E-5	8.005000E-7	0.016010
5.656000	5.000000E-5	3.785000E-7	0.007570
5.665000	5.000000E-5	1.056000E-6	0.021120
5.675000	5.000000E-5	1.265000E-6	0.025300
5.652000	5.000000E-5	1.306500E-6	0.026130
5.663000	5.000000E-5	1.729000E-6	0.034580
5.673000	5.000000E-5	7.585000E-7	0.015170
5.684000	5.000000E-5	1.690000E-7	0.003380
5.695000	5.000000E-5	1.600500E-6	0.032010
5.706000	5.000000E-5	2.234000E-6	0.044680
5.717000	5.000000E-5	4.050000E-8	0.000810
5.727000	5.000000E-5	2.555000E-7	0.005110
5.687000	5.000000E-5	-6.755000E-7	-0.013510
5.697000	5.000000E-5	1.695000E-7	0.003390
5.707000	5.000000E-5	-1.519000E-6	-0.030380
5.719000	5.000000E-5	-2.105000E-7	-0.004210
5.729000	5.000000E-5	5.480000E-7	0.010960
5.741000	5.000000E-5	-9.690000E-7	-0.019380
5.753000	5.000000E-5	8.600000E-8	0.001720
5.764000	5.000000E-5	1.434500E-6	0.028690
5.724000	5.000000E-5	1.600500E-6	0.032010
5.735000	5.000000E-5	1.222000E-6	0.024440
5.747000	5.000000E-5	1.771000E-6	0.035420
5.758000	5.000000E-5	1.670000E-7	0.003340
5.769000	5.000000E-5	0.000000E+0	0.000000
5.780000	5.000000E-5	-2.525000E-7	-0.005050
5.792000	5.000000E-5	6.730000E-7	0.013460
5.802000	5.000000E-5	-4.200000E-7	-0.008400
5.774000	5.000000E-5	3.390000E-7	0.006780
5.783000	5.000000E-5	3.375000E-7	0.006750
5.793000	5.000000E-5	2.535000E-7	0.005070
5.805000	5.000000E-5	4.230000E-7	0.008460
5.816000	5.000000E-5	1.010500E-6	0.020210
5.826000	5.000000E-5	4.350000E-8	0.000870
5.838000	5.000000E-5	1.690000E-7	0.003380
5.848000	5.000000E-5	-1.853000E-6	-0.037060
5.831000	5.000000E-5	4.645000E-7	0.009290
5.843000	5.000000E-5	-7.585000E-7	-0.015170
5.853000	5.000000E-5	-5.050000E-7	-0.010100
5.863000	5.000000E-5	6.715000E-7	0.013430
5.873000	5.000000E-5	-7.580000E-7	-0.015160
5.884000	5.000000E-5	2.120000E-7	0.004240
5.895000	5.000000E-5	-2.520000E-7	-0.005040
5.905000	5.000000E-5	-1.770000E-6	-0.035400
5.895000	5.000000E-5	3.815000E-7	0.007630
5.904000	5.000000E-5	-1.391000E-6	-0.027820
5.915000	5.000000E-5	-8.855000E-7	-0.017710
5.924000	5.000000E-5	1.695000E-7	0.003390
5.935000	5.000000E-5	-9.690000E-7	-0.019380
5.946000	5.000000E-5	-6.765000E-7	-0.013530
5.956000	5.000000E-5	-1.772000E-6	-0.035440
5.965000	5.000000E-5	-1.644500E-6	-0.032890
5.964000	5.000000E-5	-1.096500E-6	-0.021930
5.972000	5.000000E-5	-9.260000E-7	-0.018520
5.982000	5.000000E-5	1.053500E-6	0.021070
5.990000	5.000000E-5	-4.300000E-8	-0.000860
6.001000	5.000000E-5	7.185000E-7	0.014370
6.009000	5.000000E-5	-1.260000E-7	-0.002520
6.020000	5.000000E-5	-7.565000E-7	-0.015130
6.029000	5.000000E-5	-9.700000E-7	-0.019400
6.043000	5.000000E-5	-1.434500E-6	-0.028690
6.051000	5.000000E-5	-4.220000E-7	-0.008440
6.060000	5.000000E-5	-6.320000E-7	-0.012640
6.068000	5.000000E-5	-1.939500E-6	-0.038790
6.077000	5.000000E-5	-9.680000E-7	-0.019360
6.086000	5.000000E-5	-9.270000E-7	-0.018540
6.095000	5.000000E-5	-1.560500E-6	-0.031210
6.106000	5.000000E-5	-4.635000E-7	-0.009270
6.148000	5.000000E-5	5.065000E-7	0.010130
6.154000	5.000000E-5	1.235000E-7	0.002470
6.162000	5.000000E-5	-8.010000E-7	-0.016020
6.169000	5.000000E-5	-5.475000E-7	-0.010950
6.177000	5.000000E-5	-8.300000E-8	-0.001660
6.186000	5.000000E-5	-3.795000E-7	-0.007590
6.194000	5.000000E-5	-9.685000E-7	-0.019370
6.201000	5.000000E-5	-5.905000E-7	-0.011810
6.264000	5.000000E-5	-8.010000E-7	-0.016020
6.271000	5.000000E-5	3.355000E-7	0.006710
6.278000	5.000000E-5	4.200000E-8	0.000840
6.283000	5.000000E-5	2.525000E-7	0.005050
6.290000	5.000000E-5	-2.535000E-7	-0.005070
6.298000	5.000000E-5	8.450000E-8	0.001690
6.303000	5.000000E-5	-4.645000E-7	-0.009290
6.310000	5.000000E-5	-7.570000E-7	-0.015140
6.377000	5.000000E-5	8.440000E-7	0.016880
6.383000	5.000000E-5	7.605000E-7	0.015210
6.391000	5.000000E-5	1.054500E-6	0.021090
6.397000	5.000000E-5	7.165000E-7	0.014330
6.405000	5.000000E-5	1.305500E-6	0.026110
6.412000	5.000000E-5	-1.275000E-7	-0.002550
6.422000	5.000000E-5	-4.220000E-7	-0.008440
6.430000	5.000000E-5	7.570000E-7	0.015140
6.491000	5.000000E-5	7.165000E-7	0.014330
6.500000	5.000000E-5	4.210000E-7	0.008420
6.510000	5.000000E-5	8.865000E-7	0.017730
6.517000	5.000000E-5	5.040000E-7	0.010080
6.525000	5.000000E-5	-9.295000E-7	-0.018590
6.535000	5.000000E-5	2.105000E-7	0.004210
6.543000	5.000000E-5	-2.115000E-7	-0.004230
6.552000	5.000000E-5	-2.970000E-7	-0.005940
6.584000	5.000000E-5	-7.605000E-7	-0.015210
6.595000	5.000000E-5	7.165000E-7	0.014330
6.604000	5.000000E-5	-5.900000E-7	-0.011800
6.613000	5.000000E-5	7.595000E-7	0.015190
6.623000	5.000000E-5	-4.200000E-8	-0.000840
6.633000	5.000000E-5	2.520000E-7	0.005040
6.642000	5.000000E-5	3.375000E-7	0.006750
6.652000	5.000000E-5	8.010000E-7	0.016020
6.656000	5.000000E-5	2.115000E-7	0.004230
6.667000	5.000000E-5	-5.490000E-7	-0.010980
6.676000	5.000000E-5	-4.350000E-8	-0.000870
6.686000	5.000000E-5	5.000000E-10	0.000010
6.696000	5.000000E-5	-1.250000E-7	-0.002500
6.707000	5.000000E-5	9.705000E-7	0.019410
6.716000	5.000000E-5	8.425000E-7	0.016850
6.726000	5.000000E-5	6.730000E-7	0.013460
6.710000	5.000000E-5	2.945000E-7	0.005890
6.720000	5.000000E-5	-4.100000E-8	-0.000820
6.732000	5.000000E-5	3.800000E-7	0.007600
6.743000	5.000000E-5	-3.365000E-7	-0.006730
6.756000	5.000000E-5	6.340000E-7	0.012680
6.766000	5.000000E-5	6.745000E-7	0.013490
6.777000	5.000000E-5	9.700000E-7	0.019400
6.788000	5.000000E-5	1.012500E-6	0.020250
6.761000	5.000000E-5	7.575000E-7	0.015150
6.772000	5.000000E-5	9.710000E-7	0.019420
6.784000	5.000000E-5	-1.690000E-7	-0.003380
6.795000	5.000000E-5	7.575000E-7	0.015150
6.807000	5.000000E-5	2.130000E-7	0.004260
6.817000	5.000000E-5	-1.690000E-7	-0.003380
6.828000	5.000000E-5	2.940000E-7	0.005880
6.840000	5.000000E-5	-8.450000E-8	-0.001690
6.810000	5.000000E-5	5.480000E-7	0.010960
6.821000	5.000000E-5	7.580000E-7	0.015160
6.832000	5.000000E-5	1.771000E-6	0.035420
6.843000	5.000000E-5	4.215000E-7	0.008430
6.854000	5.000000E-5	8.300000E-8	0.001660
6.865000	5.000000E-5	6.330000E-7	0.012660
6.876000	5.000000E-5	8.850000E-7	0.017700
6.887000	5.000000E-5	1.052500E-6	0.021050
6.865000	5.000000E-5	1.055000E-6	0.021100
6.876000	5.000000E-5	-8.400000E-8	-0.001680
6.886000	5.000000E-5	1.250000E-7	0.002500
6.897000	5.000000E-5	8.865000E-7	0.017730
6.908000	5.000000E-5	-4.220000E-7	-0.008440
6.919000	5.000000E-5	1.055500E-6	0.021110
6.930000	5.000000E-5	-5.085000E-7	-0.010170
6.941000	5.000000E-5	8.450000E-7	0.016900
6.924000	5.000000E-5	8.020000E-7	0.016040
6.934000	5.000000E-5	-1.260000E-7	-0.002520
6.945000	5.000000E-5	1.181500E-6	0.023630
6.956000	5.000000E-5	8.840000E-7	0.017680
6.965000	5.000000E-5	-2.110000E-7	-0.004220
6.976000	5.000000E-5	-2.535000E-7	-0.005070
6.988000	5.000000E-5	2.115000E-7	0.004230
6.998000	5.000000E-5	-1.255000E-7	-0.002510
7.008000	5.000000E-5	-1.559500E-6	-0.031190
7.020000	5.000000E-5	5.055000E-7	0.010110
7.030000	5.000000E-5	-7.185000E-7	-0.014370
7.043000	5.000000E-5	4.635000E-7	0.009270
7.053000	5.000000E-5	-1.642500E-6	-0.032850
7.062000	5.000000E-5	-1.603000E-6	-0.032060
7.074000	5.000000E-5	-1.138500E-6	-0.022770
7.084000	5.000000E-5	-1.011000E-6	-0.020220
7.070000	5.000000E-5	-8.250000E-8	-0.001650
7.081000	5.000000E-5	6.755000E-7	0.013510
7.092000	5.000000E-5	-8.035000E-7	-0.016070
7.103000	5.000000E-5	-4.000000E-8	-0.000800
7.112000	5.000000E-5	-1.179500E-6	-0.023590
7.123000	5.000000E-5	-5.900000E-7	-0.011800
7.134000	5.000000E-5	-1.898000E-6	-0.037960
7.143000	5.000000E-5	-1.690000E-7	-0.003380
7.133000	5.000000E-5	-1.939000E-6	-0.038780
7.144000	5.000000E-5	-1.680000E-7	-0.003360
7.152000	5.000000E-5	4.210000E-7	0.008420
7.164000	5.000000E-5	8.500000E-8	0.001700
7.173000	5.000000E-5	2.525000E-7	0.005050
7.184000	5.000000E-5	-2.150500E-6	-0.043010
7.194000	5.000000E-5	-8.850000E-7	-0.017700
7.204000	5.000000E-5	-5.050000E-7	-0.010100
7.199000	5.000000E-5	-2.107000E-6	-0.042140
7.210000	5.000000E-5	-9.285000E-7	-0.018570
7.219000	5.000000E-5	-1.680000E-7	-0.003360
7.229000	5.000000E-5	-4.220000E-7	-0.008440
7.238000	5.000000E-5	-1.600500E-6	-0.032010
7.249000	5.000000E-5	-1.054500E-6	-0.021090
7.259000	5.000000E-5	5.000000E-10	0.000010
7.269000	5.000000E-5	-1.855500E-6	-0.037110
7.278000	5.000000E-5	8.020000E-7	0.016040
7.286000	5.000000E-5	1.275000E-7	0.002550
7.293000	5.000000E-5	-5.480000E-7	-0.010960
7.302000	5.000000E-5	-2.955000E-7	-0.005910
7.312000	5.000000E-5	-1.053500E-6	-0.021070
7.320000	5.000000E-5	-1.519000E-6	-0.030380
7.328000	5.000000E-5	-1.137000E-6	-0.022740
7.338000	5.000000E-5	-6.335000E-7	-0.012670
7.367000	5.000000E-5	-3.365000E-7	-0.006730
7.373000	5.000000E-5	3.385000E-7	0.006770
7.380000	5.000000E-5	-1.601500E-6	-0.032030
7.387000	5.000000E-5	-2.955000E-7	-0.005910
7.395000	5.000000E-5	-5.055000E-7	-0.010110
7.404000	5.000000E-5	-4.655000E-7	-0.009310
7.414000	5.000000E-5	-2.115000E-7	-0.004230
7.423000	5.000000E-5	-1.139500E-6	-0.022790
7.487000	5.000000E-5	-1.393000E-6	-0.027860
7.494000	5.000000E-5	7.155000E-7	0.014310
7.502000	5.000000E-5	4.250000E-8	0.000850
7.510000	5.000000E-5	1.275000E-7	0.002550
7.517000	5.000000E-5	-8.450000E-8	-0.001690
7.525000	5.000000E-5	1.349000E-6	0.026980
7.533000	5.000000E-5	1.265000E-7	0.002530
7.542000	5.000000E-5	-1.601500E-6	-0.032030
7.616000	5.000000E-5	1.012000E-6	0.020240
7.624000	5.000000E-5	2.120000E-7	0.004240
7.632000	5.000000E-5	1.000000E-9	0.000020
7.639000	5.000000E-5	1.010500E-6	0.020210
7.648000	5.000000E-5	1.000000E-9	0.000020
7.654000	5.000000E-5	-7.595000E-7	-0.015190
7.663000	5.000000E-5	-7.165000E-7	-0.014330
7.670000	5.000000E-5	-4.635000E-7	-0.009270
7.734000	5.000000E-5	3.795000E-7	0.007590
7.742000	5.000000E-5	-2.120000E-7	-0.004240
7.752000	5.000000E-5	8.450000E-8	0.001690
7.760000	5.000000E-5	-5.905000E-7	-0.011810
7.768000	5.000000E-5	2.950000E-7	0.005900
7.777000	5.000000E-5	1.812500E-6	0.036250
7.785000	5.000000E-5	1.180500E-6	0.023610
7.793000	5.000000E-5	4.215000E-7	0.008430
7.838000	5.000000E-5	-8.350000E-8	-0.001670
7.846000	5.000000E-5	1.275000E-7	0.002550
7.856000	5.000000E-5	7.180000E-7	0.014360
7.866000	5.000000E-5	7.585000E-7	0.015170
7.874000	5.000000E-5	1.475500E-6	0.029510
7.884000	5.000000E-5	-3.380000E-7	-0.006760
7.894000	5.000000E-5	3.810000E-7	0.007620
7.902000	5.000000E-5	2.110000E-7	0.004220
7.926000	5.000000E-5	3.900000E-8	0.000780
7.936000	5.000000E-5	6.305000E-7	0.012610
7.945000	5.000000E-5	1.182000E-6	0.023640
7.955000	5.000000E-5	8.015000E-7	0.016030
7.964000	5.000000E-5	4.645000E-7	0.009290
7.974000	5.000000E-5	5.465000E-7	0.010930
7.984000	5.000000E-5	9.680000E-7	0.019360
7.993000	5.000000E-5	-8.450000E-8	-0.001690
7.995000	5.000000E-5	-8.010000E-7	-0.016020
8.006000	5.000000E-5	-2.105000E-7	-0.004210
8.017000	5.000000E-5	-4.250000E-8	-0.000850
8.029000	5.000000E-5	-8.010000E-7	-0.016020
8.039000	5.000000E-5	1.646000E-6	0.032920
8.049000	5.000000E-5	-4.200000E-8	-0.000840
8.059000	5.000000E-5	8.420000E-7	0.016840
8.069000	5.000000E-5	-8.500000E-8	-0.001700
8.058000	5.000000E-5	1.855000E-6	0.037100
8.069000	5.000000E-5	1.263000E-6	0.025260
8.081000	5.000000E-5	-3.800000E-7	-0.007600
8.092000	5.000000E-5	8.850000E-7	0.017700
8.103000	5.000000E-5	6.325000E-7	0.012650
8.114000	5.000000E-5	-1.056000E-6	-0.021120
8.125000	5.000000E-5	8.440000E-7	0.016880
8.136000	5.000000E-5	9.270000E-7	0.018540
8.116000	5.000000E-5	2.965000E-7	0.005930
8.127000	5.000000E-5	4.050000E-8	0.000810
8.140000	5.000000E-5	1.644000E-6	0.032880
8.150000	5.000000E-5	1.265500E-6	0.025310
8.161000	5.000000E-5	3.365000E-7	0.006730
8.173000	5.000000E-5	2.110000E-7	0.004220
8.184000	5.000000E-5	4.300000E-8	0.000860
8.195000	5.000000E-5	3.785000E-7	0.007570
8.173000	5.000000E-5	6.320000E-7	0.012640
8.185000	5.000000E-5	8.350000E-8	0.001670
8.195000	5.000000E-5	1.051000E-6	0.021020
8.206000	5.000000E-5	8.150000E-8	0.001630
8.217000	5.000000E-5	-8.450000E-8	-0.001690
8.227000	5.000000E-5	-5.000000E-10	-0.000010
8.238000	5.000000E-5	3.790000E-7	0.007580
8.249000	5.000000E-5	1.095500E-6	0.021910
8.229000	5.000000E-5	-5.858000E-6	-0.117160
8.241000	5.000000E-5	2.530000E-7	0.005060
8.251000	5.000000E-5	8.450000E-8	0.001690
8.262000	5.000000E-5	8.400000E-8	0.001680
8.272000	5.000000E-5	-8.860000E-7	-0.017720
8.284000	5.000000E-5	-1.690000E-7	-0.003380
8.295000	5.000000E-5	3.340000E-7	0.006680
8.308000	5.000000E-5	1.695000E-7	0.003390
8.291000	5.000000E-5	3.795000E-7	0.007590
8.301000	5.000000E-5	3.375000E-7	0.006750
8.311000	5.000000E-5	5.915000E-7	0.011830
8.323000	5.000000E-5	3.790000E-7	0.007580
8.334000	5.000000E-5	-2.530000E-7	-0.005060
8.345000	5.000000E-5	-6.330000E-7	-0.012660
8.357000	5.000000E-5	-1.390500E-6	-0.027810
8.367000	5.000000E-5	-8.450000E-8	-0.001690
8.351000	5.000000E-5	-1.053500E-6	-0.021070
8.362000	5.000000E-5	5.070000E-7	0.010140
8.373000	5.000000E-5	4.200000E-8	0.000840
8.382000	5.000000E-5	-8.445000E-7	-0.016890
8.394000	5.000000E-5	5.490000E-7	0.010980
8.404000	5.000000E-5	-4.620000E-7	-0.009240
8.416000	5.000000E-5	-1.260000E-7	-0.002520
8.426000	5.000000E-5	-5.900000E-7	-0.011800
8.415000	5.000000E-5	-7.170000E-7	-0.014340
8.425000	5.000000E-5	-1.695000E-7	-0.003390
8.436000	5.000000E-5	-2.955000E-7	-0.005910
8.443000	5.000000E-5	-1.306500E-6	-0.026130
8.455000	5.000000E-5	-6.315000E-7	-0.012630
8.466000	5.000000E-5	-1.349000E-6	-0.026980
8.476000	5.000000E-5	-5.050000E-7	-0.010100
8.487000	5.000000E-5	-1.181000E-6	-0.023620
8.482000	5.000000E-5	4.640000E-7	0.009280
8.492000	5.000000E-5	-1.223000E-6	-0.024460
8.501000	5.000000E-5	-1.772000E-6	-0.035440
8.511000	5.000000E-5	-8.860000E-7	-0.017720
8.522000	5.000000E-5	-8.850000E-7	-0.017700
8.533000	5.000000E-5	-4.220000E-7	-0.008440
8.542000	5.000000E-5	-4.630000E-7	-0.009260
8.553000	5.000000E-5	-2.960000E-7	-0.005920
8.561000	5.000000E-5	-8.430000E-7	-0.016860
8.570000	5.000000E-5	-1.275000E-7	-0.002550
8.577000	5.000000E-5	-1.349000E-6	-0.026980
8.587000	5.000000E-5	-1.643500E-6	-0.032870
8.598000	5.000000E-5	-3.790000E-7	-0.007580
8.608000	5.000000E-5	-1.349000E-6	-0.026980
8.618000	5.000000E-5	-5.060000E-7	-0.010120
8.627000	5.000000E-5	-9.715000E-7	-0.019430
8.654000	5.000000E-5	-1.264500E-6	-0.025290
8.663000	5.000000E-5	1.270000E-7	0.002540
8.672000	5.000000E-5	-6.750000E-7	-0.013500
8.681000	5.000000E-5	3.375000E-7	0.006750
8.689000	5.000000E-5	1.680000E-7	0.003360
8.698000	5.000000E-5	-1.348000E-6	-0.026960
8.707000	5.000000E-5	5.490000E-7	0.010980
8.717000	5.000000E-5	-2.115000E-7	-0.004230
8.761000	5.000000E-5	2.940000E-7	0.005880
8.770000	5.000000E-5	1.270000E-7	0.002540
8.777000	5.000000E-5	3.360000E-7	0.006720
8.784000	5.000000E-5	-9.700000E-7	-0.019400
8.792000	5.000000E-5	2.100000E-7	0.004200
8.801000	5.000000E-5	2.105000E-7	0.004210
8.810000	5.000000E-5	4.250000E-8	0.000850
8.817000	5.000000E-5	-7.160000E-7	-0.014320
8.883000	5.000000E-5	1.280000E-7	0.002560
8.892000	5.000000E-5	3.795000E-7	0.007590
8.901000	5.000000E-5	-4.640000E-7	-0.009280
8.909000	5.000000E-5	-2.535000E-7	-0.005070
8.917000	5.000000E-5	6.760000E-7	0.013520
8.924000	5.000000E-5	-2.110000E-7	-0.004220
8.931000	5.000000E-5	0.000000E+0	0.000000
8.942000	5.000000E-5	1.685000E-7	0.003370
9.007000	5.000000E-5	5.900000E-7	0.011800
9.016000	5.000000E-5	-4.600000E-7	-0.009200
9.025000	5.000000E-5	7.600000E-7	0.015200
9.033000	5.000000E-5	5.890000E-7	0.011780
9.041000	5.000000E-5	-1.270000E-7	-0.002540
9.048000	5.000000E-5	-2.950000E-7	-0.005900
9.060000	5.000000E-5	-7.185000E-7	-0.014370
9.067000	5.000000E-5	8.445000E-7	0.016890
9.116000	5.000000E-5	5.480000E-7	0.010960
9.127000	5.000000E-5	4.215000E-7	0.008430
9.136000	5.000000E-5	-2.970000E-7	-0.005940
9.147000	5.000000E-5	6.745000E-7	0.013490
9.156000	5.000000E-5	-4.220000E-7	-0.008440
9.163000	5.000000E-5	1.730000E-6	0.034600
9.173000	5.000000E-5	8.430000E-7	0.016860
9.184000	5.000000E-5	-5.485000E-7	-0.010970
9.218000	5.000000E-5	1.137500E-6	0.022750
9.229000	5.000000E-5	-5.060000E-7	-0.010120
9.239000	5.000000E-5	8.855000E-7	0.017710
9.250000	5.000000E-5	7.575000E-7	0.015150
9.260000	5.000000E-5	6.750000E-7	0.013500
9.271000	5.000000E-5	2.100000E-7	0.004200
9.280000	5.000000E-5	-9.285000E-7	-0.018570
9.290000	5.000000E-5	2.525000E-7	0.005050
9.307000	5.000000E-5	-1.275000E-7	-0.002550
9.318000	5.000000E-5	-8.020000E-7	-0.016040
9.329000	5.000000E-5	-4.225000E-7	-0.008450
9.339000	5.000000E-5	1.690000E-7	0.003380
9.350000	5.000000E-5	-5.495000E-7	-0.010990
9.362000	5.000000E-5	9.695000E-7	0.019390
9.373000	5.000000E-5	5.900000E-7	0.011800
9.384000	5.000000E-5	1.695000E-7	0.003390
9.385000	5.000000E-5	7.570000E-7	0.015140
9.397000	5.000000E-5	4.215000E-7	0.008430
9.408000	5.000000E-5	1.265000E-7	0.002530
9.422000	5.000000E-5	-5.485000E-7	-0.010970
9.434000	5.000000E-5	1.260000E-7	0.002520
9.445000	5.000000E-5	9.275000E-7	0.018550
9.457000	5.000000E-5	7.155000E-7	0.014310
9.469000	5.000000E-5	-8.015000E-7	-0.016030
9.461000	5.000000E-5	6.330000E-7	0.012660
9.474000	5.000000E-5	6.315000E-7	0.012630
9.486000	5.000000E-5	4.230000E-7	0.008460
9.498000	5.000000E-5	-5.475000E-7	-0.010950
9.511000	5.000000E-5	3.385000E-7	0.006770
9.523000	5.000000E-5	8.850000E-7	0.017700
9.536000	5.000000E-5	1.054000E-6	0.021080
9.547000	5.000000E-5	1.475000E-6	0.029500
9.535000	5.000000E-5	2.530000E-7	0.005060
9.547000	5.000000E-5	4.625000E-7	0.009250
9.560000	5.000000E-5	8.425000E-7	0.016850
9.575000	5.000000E-5	-5.055000E-7	-0.010110
9.589000	5.000000E-5	5.050000E-7	0.010100
9.602000	5.000000E-5	3.790000E-7	0.007580
9.615000	5.000000E-5	8.435000E-7	0.016870
9.628000	5.000000E-5	1.270000E-7	0.002540
9.614000	5.000000E-5	5.895000E-7	0.011790
9.626000	5.000000E-5	4.625000E-7	0.009250
9.639000	5.000000E-5	-5.900000E-7	-0.011800
9.649000	5.000000E-5	-5.900000E-7	-0.011800
9.663000	5.000000E-5	3.370000E-7	0.006740
9.676000	5.000000E-5	6.740000E-7	0.013480
9.688000	5.000000E-5	-6.740000E-7	-0.013480
9.701000	5.000000E-5	8.860000E-7	0.017720
9.684000	5.000000E-5	8.010000E-7	0.016020
9.696000	5.000000E-5	2.110000E-7	0.004220
9.709000	5.000000E-5	1.054500E-6	0.021090
9.721000	5.000000E-5	-2.105000E-7	-0.004210
9.733000	5.000000E-5	5.485000E-7	0.010970
9.745000	5.000000E-5	-8.440000E-7	-0.016880
9.756000	5.000000E-5	1.897500E-6	0.037950
9.769000	5.000000E-5	1.690000E-7	0.003380
9.756000	5.000000E-5	3.375000E-7	0.006750
9.770000	5.000000E-5	-4.660000E-7	-0.009320
9.782000	5.000000E-5	-1.695000E-7	-0.003390
9.796000	5.000000E-5	-3.795000E-7	-0.007590
9.808000	5.000000E-5	-8.845000E-7	-0.017690
9.821000	5.000000E-5	-1.690000E-7	-0.003380
9.860000	5.000000E-5	-1.680000E-7	-0.003360
9.874000	5.000000E-5	5.490000E-7	0.010980
9.863000	5.000000E-5	-1.307000E-6	-0.026140
9.875000	5.000000E-5	9.290000E-7	0.018580
9.888000	5.000000E-5	-1.270000E-7	-0.002540
9.901000	5.000000E-5	5.915000E-7	0.011830
9.914000	5.000000E-5	-2.540000E-7	-0.005080
9.929000	5.000000E-5	-6.735000E-7	-0.013470
9.942000	5.000000E-5	-5.895000E-7	-0.011790
9.955000	5.000000E-5	-2.120000E-7	-0.004240
9.944000	5.000000E-5	1.255000E-7	0.002510
9.957000	5.000000E-5	-7.590000E-7	-0.015180
9.970000	5.000000E-5	-4.150000E-8	-0.000830
9.982000	5.000000E-5	-9.690000E-7	-0.019380
9.996000	5.000000E-5	-8.300000E-8	-0.001660
10.008000	5.000000E-5	-5.900000E-7	-0.011800
10.022000	5.000000E-5	-3.360000E-7	-0.006720
10.034000	5.000000E-5	4.200000E-8	0.000840
10.022000	5.000000E-5	8.865000E-7	0.017730
10.034000	5.000000E-5	-1.222000E-6	-0.024440
10.047000	5.000000E-5	-6.760000E-7	-0.013520
10.059000	5.000000E-5	-1.096500E-6	-0.021930
10.071000	5.000000E-5	1.500000E-9	0.000030
10.083000	5.000000E-5	-1.094500E-6	-0.021890
10.095000	5.000000E-5	-1.700000E-7	-0.003400
10.107000	5.000000E-5	-2.950000E-7	-0.005900
10.093000	5.000000E-5	-1.390500E-6	-0.027810
10.105000	5.000000E-5	-5.900000E-7	-0.011800
10.117000	5.000000E-5	-7.600000E-7	-0.015200
10.130000	5.000000E-5	-1.433500E-6	-0.028670
10.141000	5.000000E-5	2.960000E-7	0.005920
10.152000	5.000000E-5	-5.900000E-7	-0.011800
10.163000	5.000000E-5	-6.760000E-7	-0.013520
10.176000	5.000000E-5	-1.054000E-6	-0.021080
10.186000	5.000000E-5	-1.475000E-6	-0.029500
10.175000	5.000000E-5	-1.896500E-6	-0.037930
10.186000	5.000000E-5	-6.745000E-7	-0.013490
10.196000	5.000000E-5	0.000000E+0	0.000000
10.207000	5.000000E-5	-2.525000E-7	-0.005050
10.218000	5.000000E-5	-1.434000E-6	-0.028680
10.228000	5.000000E-5	-4.225000E-7	-0.008450
10.241000	5.000000E-5	-1.010500E-6	-0.020210
10.239000	5.000000E-5	-1.265000E-7	-0.002530
10.249000	5.000000E-5	-8.840000E-7	-0.017680
10.259000	5.000000E-5	-5.470000E-7	-0.010940
10.269000	5.000000E-5	1.000000E-9	0.000020
10.279000	5.000000E-5	-3.370000E-7	-0.006740
10.289000	5.000000E-5	-2.940000E-7	-0.005880
10.299000	5.000000E-5	2.960000E-7	0.005920
10.309000	5.000000E-5	-8.835000E-7	-0.017670
10.320000	5.000000E-5	-8.435000E-7	-0.016870
10.328000	5.000000E-5	1.680000E-7	0.003360
10.338000	5.000000E-5	-3.385000E-7	-0.006770
10.346000	5.000000E-5	-6.320000E-7	-0.012640
10.356000	5.000000E-5	-8.400000E-8	-0.001680
10.364000	5.000000E-5	-7.585000E-7	-0.015170
10.373000	5.000000E-5	-2.960000E-7	-0.005920
10.382000	5.000000E-5	-4.000000E-8	-0.000800
10.407000	5.000000E-5	4.645000E-7	0.009290
10.415000	5.000000E-5	6.745000E-7	0.013490
10.422000	5.000000E-5	8.010000E-7	0.016020
10.429000	5.000000E-5	4.635000E-7	0.009270
10.437000	5.000000E-5	-5.895000E-7	-0.011790
10.445000	5.000000E-5	5.080000E-7	0.010160
10.451000	5.000000E-5	4.250000E-8	0.000850
10.460000	5.000000E-5	4.200000E-8	0.000840
10.498000	5.000000E-5	-5.490000E-7	-0.010980
10.505000	5.000000E-5	-6.320000E-7	-0.012640
10.509000	5.000000E-5	-3.800000E-7	-0.007600
10.515000	5.000000E-5	-4.635000E-7	-0.009270
10.522000	5.000000E-5	6.330000E-7	0.012660
10.529000	5.000000E-5	5.065000E-7	0.010130
10.537000	5.000000E-5	1.223000E-6	0.024460
10.544000	5.000000E-5	1.000000E-9	0.000020
10.587000	5.000000E-5	-4.200000E-8	-0.000840
10.594000	5.000000E-5	0.000000E+0	0.000000
10.602000	5.000000E-5	-8.440000E-7	-0.016880
10.611000	5.000000E-5	3.795000E-7	0.007590
10.619000	5.000000E-5	9.265000E-7	0.018530
10.627000	5.000000E-5	-7.600000E-7	-0.015200
10.635000	5.000000E-5	0.000000E+0	0.000000
10.644000	5.000000E-5	-1.138000E-6	-0.022760
10.686000	5.000000E-5	-3.365000E-7	-0.006730
10.693000	5.000000E-5	1.349500E-6	0.026990
10.701000	5.000000E-5	8.500000E-8	0.001700
10.708000	5.000000E-5	-4.200000E-8	-0.000840
10.716000	5.000000E-5	6.330000E-7	0.012660
10.723000	5.000000E-5	4.225000E-7	0.008450
10.731000	5.000000E-5	5.470000E-7	0.010940
10.740000	5.000000E-5	7.595000E-7	0.015190
10.775000	5.000000E-5	3.365000E-7	0.006730
10.784000	5.000000E-5	-4.150000E-8	-0.000830
10.792000	5.000000E-5	2.105000E-7	0.004210
10.801000	5.000000E-5	8.425000E-7	0.016850
10.810000	5.000000E-5	6.735000E-7	0.013470
10.818000	5.000000E-5	2.105000E-7	0.004210
10.827000	5.000000E-5	2.530000E-7	0.005060
10.836000	5.000000E-5	2.100000E-7	0.004200
10.864000	5.000000E-5	1.680000E-7	0.003360
10.873000	5.000000E-5	2.515000E-7	0.005030
10.882000	5.000000E-5	-4.215000E-7	-0.008430
10.892000	5.000000E-5	2.540000E-7	0.005080
10.901000	5.000000E-5	-9.265000E-7	-0.018530
10.910000	5.000000E-5	7.595000E-7	0.015190
10.919000	5.000000E-5	7.580000E-7	0.015160
10.928000	5.000000E-5	1.260000E-7	0.002520
10.944000	5.000000E-5	7.155000E-7	0.014310
10.954000	5.000000E-5	-1.275000E-7	-0.002550
10.965000	5.000000E-5	7.155000E-7	0.014310
10.975000	5.000000E-5	-6.320000E-7	-0.012640
10.984000	5.000000E-5	6.730000E-7	0.013460
10.994000	5.000000E-5	9.695000E-7	0.019390
11.004000	5.000000E-5	-5.065000E-7	-0.010130
11.013000	5.000000E-5	1.265000E-7	0.002530
11.023000	5.000000E-5	1.690000E-7	0.003380
11.033000	5.000000E-5	1.054500E-6	0.021090
11.042000	5.000000E-5	-7.170000E-7	-0.014340
11.054000	5.000000E-5	8.350000E-8	0.001670
11.065000	5.000000E-5	2.105000E-7	0.004210
11.075000	5.000000E-5	1.096500E-6	0.021930
11.086000	5.000000E-5	1.685000E-7	0.003370
11.096000	5.000000E-5	5.890000E-7	0.011780
11.099000	5.000000E-5	-1.265000E-7	-0.002530
11.109000	5.000000E-5	5.060000E-7	0.010120
11.122000	5.000000E-5	3.370000E-7	0.006740
11.133000	5.000000E-5	1.260000E-7	0.002520
11.144000	5.000000E-5	1.560500E-6	0.031210
11.154000	5.000000E-5	-3.380000E-7	-0.006760
11.165000	5.000000E-5	-2.120000E-7	-0.004240
11.176000	5.000000E-5	1.260000E-7	0.002520
11.176000	5.000000E-5	-6.755000E-7	-0.013510
11.186000	5.000000E-5	1.306000E-6	0.026120
11.197000	5.000000E-5	7.595000E-7	0.015190
11.207000	5.000000E-5	7.590000E-7	0.015180
11.218000	5.000000E-5	-3.370000E-7	-0.006740
11.229000	5.000000E-5	1.680000E-7	0.003360
11.239000	5.000000E-5	4.210000E-7	0.008420
11.249000	5.000000E-5	6.750000E-7	0.013500
11.246000	5.000000E-5	5.485000E-7	0.010970
11.258000	5.000000E-5	3.360000E-7	0.006720
11.270000	5.000000E-5	4.635000E-7	0.009270
11.282000	5.000000E-5	1.685000E-7	0.003370
11.294000	5.000000E-5	7.165000E-7	0.014330
11.305000	5.000000E-5	1.270000E-7	0.002540
11.316000	5.000000E-5	1.180000E-6	0.023600
11.328000	5.000000E-5	2.125000E-7	0.004250
11.326000	5.000000E-5	3.360000E-7	0.006720
11.339000	5.000000E-5	5.485000E-7	0.010970
11.352000	5.000000E-5	-4.630000E-7	-0.009260
11.364000	5.000000E-5	-1.181000E-6	-0.023620
11.376000	5.000000E-5	4.630000E-7	0.009260
11.389000	5.000000E-5	4.200000E-8	0.000840
11.402000	5.000000E-5	1.255000E-7	0.002510
11.415000	5.000000E-5	-3.370000E-7	-0.006740
11.411000	5.000000E-5	8.435000E-7	0.016870
11.425000	5.000000E-5	-5.910000E-7	-0.011820
11.437000	5.000000E-5	-1.680000E-7	-0.003360
11.451000	5.000000E-5	8.500000E-8	0.001700
11.464000	5.000000E-5	-5.060000E-7	-0.010120
11.477000	5.000000E-5	-1.280000E-7	-0.002560
11.490000	5.000000E-5	4.300000E-8	0.000860
11.503000	5.000000E-5	-1.432500E-6	-0.028650
11.499000	5.000000E-5	3.790000E-7	0.007580
11.514000	5.000000E-5	-6.750000E-7	-0.013500
11.529000	5.000000E-5	-1.855000E-6	-0.037100
11.545000	5.000000E-5	-6.320000E-7	-0.012640
11.560000	5.000000E-5	-8.435000E-7	-0.016870
11.578000	5.000000E-5	-2.955000E-7	-0.005910
11.595000	5.000000E-5	-9.270000E-7	-0.018540
11.614000	5.000000E-5	-6.310000E-7	-0.012620
11.616000	5.000000E-5	-1.054000E-6	-0.021080
11.638000	5.000000E-5	1.690000E-7	0.003380
11.659000	5.000000E-5	-9.700000E-7	-0.019400
11.679000	5.000000E-5	-2.100000E-7	-0.004200
11.698000	5.000000E-5	-1.054000E-6	-0.021080
11.718000	5.000000E-5	-9.280000E-7	-0.018560
11.738000	5.000000E-5	4.100000E-8	0.000820
11.757000	5.000000E-5	-1.729500E-6	-0.034590
11.761000	5.000000E-5	1.265000E-7	0.002530
11.780000	5.000000E-5	-1.349000E-6	-0.026980
11.796000	5.000000E-5	-1.306000E-6	-0.026120
11.813000	5.000000E-5	-1.137000E-6	-0.022740
11.829000	5.000000E-5	-1.265000E-6	-0.025300
11.846000	5.000000E-5	-1.265000E-6	-0.025300
11.863000	5.000000E-5	-5.485000E-7	-0.010970
11.880000	5.000000E-5	3.800000E-7	0.007600
11.893000	5.000000E-5	-7.580000E-7	-0.015160
11.909000	5.000000E-5	-8.430000E-7	-0.016860
11.924000	5.000000E-5	-8.450000E-8	-0.001690
11.941000	5.000000E-5	-9.695000E-7	-0.019390
11.956000	5.000000E-5	-8.840000E-7	-0.017680
11.972000	5.000000E-5	-6.750000E-7	-0.013500
11.987000	5.000000E-5	-1.264500E-6	-0.025290
12.001000	5.000000E-5	-4.640000E-7	-0.009280
12.025000	5.000000E-5	-7.170000E-7	-0.014340
12.037000	5.000000E-5	-8.445000E-7	-0.016890
12.051000	5.000000E-5	-6.325000E-7	-0.012650
12.065000	5.000000E-5	-5.060000E-7	-0.010120
12.077000	5.000000E-5	3.375000E-7	0.006750
12.090000	5.000000E-5	-4.100000E-8	-0.000820
12.101000	5.000000E-5	-2.955000E-7	-0.005910
12.112000	5.000000E-5	4.645000E-7	0.009290
12.141000	5.000000E-5	-5.065000E-7	-0.010130
12.150000	5.000000E-5	-5.055000E-7	-0.010110
12.158000	5.000000E-5	-6.745000E-7	-0.013490
12.168000	5.000000E-5	3.375000E-7	0.006750
12.180000	5.000000E-5	8.015000E-7	0.016030
12.190000	5.000000E-5	0.000000E+0	0.000000
12.202000	5.000000E-5	3.800000E-7	0.007600
12.213000	5.000000E-5	-7.175000E-7	-0.014350
12.253000	5.000000E-5	-2.955000E-7	-0.005910
12.266000	5.000000E-5	4.635000E-7	0.009270
12.278000	5.000000E-5	5.905000E-7	0.011810
12.291000	5.000000E-5	1.265000E-7	0.002530
12.304000	5.000000E-5	-8.005000E-7	-0.016010
12.317000	5.000000E-5	-4.635000E-7	-0.009270
12.328000	5.000000E-5	-8.435000E-7	-0.016870
12.340000	5.000000E-5	-7.590000E-7	-0.015180
12.378000	5.000000E-5	-6.745000E-7	-0.013490
12.390000	5.000000E-5	-2.530000E-7	-0.005060
12.402000	5.000000E-5	0.000000E+0	0.000000
12.415000	5.000000E-5	-2.110000E-7	-0.004220
12.427000	5.000000E-5	8.450000E-8	0.001690
12.439000	5.000000E-5	-1.265000E-7	-0.002530
12.450000	5.000000E-5	-8.450000E-8	-0.001690
12.461000	5.000000E-5	2.945000E-7	0.005890
12.491000	5.000000E-5	-8.400000E-8	-0.001680
12.503000	5.000000E-5	2.110000E-7	0.004220
12.514000	5.000000E-5	-2.535000E-7	-0.005070
12.527000	5.000000E-5	2.525000E-7	0.005050
12.537000	5.000000E-5	1.680000E-7	0.003360
12.545000	5.000000E-5	4.205000E-7	0.008410
12.554000	5.000000E-5	3.380000E-7	0.006760
12.565000	5.000000E-5	-1.260000E-7	-0.002520
12.588000	5.000000E-5	1.685000E-7	0.003370
12.601000	5.000000E-5	-3.375000E-7	-0.006750
12.613000	5.000000E-5	2.535000E-7	0.005070
12.623000	5.000000E-5	-8.020000E-7	-0.016040
12.634000	5.000000E-5	9.280000E-7	0.018560
12.643000	5.000000E-5	4.250000E-8	0.000850
12.653000	5.000000E-5	8.550000E-8	0.001710
12.664000	5.000000E-5	-3.380000E-7	-0.006760
12.680000	5.000000E-5	-5.070000E-7	-0.010140
12.691000	5.000000E-5	2.100000E-7	0.004200
12.703000	5.000000E-5	3.380000E-7	0.006760
12.711000	5.000000E-5	3.370000E-7	0.006740
12.721000	5.000000E-5	6.745000E-7	0.013490
12.734000	5.000000E-5	-2.955000E-7	-0.005910
12.743000	5.000000E-5	4.220000E-7	0.008440
12.755000	5.000000E-5	-8.400000E-8	-0.001680
12.764000	5.000000E-5	-2.955000E-7	-0.005910
12.774000	5.000000E-5	4.210000E-7	0.008420
12.785000	5.000000E-5	2.955000E-7	0.005910
12.797000	5.000000E-5	7.580000E-7	0.015160
12.807000	5.000000E-5	1.223000E-6	0.024460
12.817000	5.000000E-5	-1.265000E-7	-0.002530
12.827000	5.000000E-5	5.055000E-7	0.010110
12.836000	5.000000E-5	-4.635000E-7	-0.009270
12.844000	5.000000E-5	1.265000E-7	0.002530
12.853000	5.000000E-5	-8.850000E-7	-0.017700
12.863000	5.000000E-5	-5.485000E-7	-0.010970
12.872000	5.000000E-5	5.000000E-10	0.000010
12.882000	5.000000E-5	4.215000E-7	0.008430
12.892000	5.000000E-5	8.435000E-7	0.016870
12.902000	5.000000E-5	3.375000E-7	0.006750
12.913000	5.000000E-5	7.160000E-7	0.014320
12.917000	5.000000E-5	1.181000E-6	0.023620
12.929000	5.000000E-5	-8.400000E-8	-0.001680
12.940000	5.000000E-5	2.535000E-7	0.005070
12.951000	5.000000E-5	0.000000E+0	0.000000
12.967000	5.000000E-5	5.055000E-7	0.010110
12.978000	5.000000E-5	-1.260000E-7	-0.002520
12.988000	5.000000E-5	1.680000E-7	0.003360
12.997000	5.000000E-5	5.475000E-7	0.010950
13.004000	5.000000E-5	-1.000000E-9	-0.000020
13.013000	5.000000E-5	3.365000E-7	0.006730
13.023000	5.000000E-5	2.110000E-7	0.004220
13.033000	5.000000E-5	3.375000E-7	0.006750
13.042000	5.000000E-5	4.640000E-7	0.009280
13.049000	5.000000E-5	8.500000E-8	0.001700
13.058000	5.000000E-5	-7.595000E-7	-0.015190
13.066000	5.000000E-5	2.945000E-7	0.005890
13.065000	5.000000E-5	-8.850000E-7	-0.017700
13.073000	5.000000E-5	4.150000E-8	0.000830
13.080000	5.000000E-5	5.480000E-7	0.010960
13.088000	5.000000E-5	-8.350000E-8	-0.001670
13.097000	5.000000E-5	6.740000E-7	0.013480
13.106000	5.000000E-5	-5.480000E-7	-0.010960
13.115000	5.000000E-5	1.260000E-7	0.002520
13.125000	5.000000E-5	5.060000E-7	0.010120
13.125000	5.000000E-5	6.750000E-7	0.013500
13.137000	5.000000E-5	-1.690000E-7	-0.003380
13.146000	5.000000E-5	-4.635000E-7	-0.009270
13.156000	5.000000E-5	4.210000E-7	0.008420
13.167000	5.000000E-5	2.950000E-7	0.005900
13.178000	5.000000E-5	2.110000E-7	0.004220
13.188000	5.000000E-5	2.950000E-7	0.005900
13.198000	5.000000E-5	-7.165000E-7	-0.014330
13.199000	5.000000E-5	-4.635000E-7	-0.009270
13.208000	5.000000E-5	4.200000E-8	0.000840
13.220000	5.000000E-5	-4.225000E-7	-0.008450
13.229000	5.000000E-5	-3.370000E-7	-0.006740
13.239000	5.000000E-5	-8.015000E-7	-0.016030
13.252000	5.000000E-5	8.450000E-8	0.001690
13.263000	5.000000E-5	-6.740000E-7	-0.013480
13.274000	5.000000E-5	1.265000E-7	0.002530
13.272000	5.000000E-5	-4.250000E-8	-0.000850
13.284000	5.000000E-5	-2.105000E-7	-0.004210
13.296000	5.000000E-5	-3.795000E-7	-0.007590
13.309000	5.000000E-5	1.270000E-7	0.002540
13.321000	5.000000E-5	-9.695000E-7	-0.019390
13.333000	5.000000E-5	-2.100000E-7	-0.004200
13.344000	5.000000E-5	3.795000E-7	0.007590
13.356000	5.000000E-5	-3.795000E-7	-0.007590
13.353000	5.000000E-5	-7.585000E-7	-0.015170
13.365000	5.000000E-5	-8.400000E-8	-0.001680
13.375000	5.000000E-5	-2.525000E-7	-0.005050
13.387000	5.000000E-5	-5.055000E-7	-0.010110
13.397000	5.000000E-5	-3.795000E-7	-0.007590
13.409000	5.000000E-5	-7.165000E-7	-0.014330
13.419000	5.000000E-5	1.265000E-7	0.002530
13.430000	5.000000E-5	-9.275000E-7	-0.018550
13.427000	5.000000E-5	-4.300000E-8	-0.000860
13.438000	5.000000E-5	5.060000E-7	0.010120
13.447000	5.000000E-5	-4.250000E-8	-0.000850
13.458000	5.000000E-5	-5.895000E-7	-0.011790
13.468000	5.000000E-5	-2.530000E-7	-0.005060
13.477000	5.000000E-5	-5.900000E-7	-0.011800
13.487000	5.000000E-5	4.220000E-7	0.008440
13.497000	5.000000E-5	-4.200000E-8	-0.000840
13.496000	5.000000E-5	-2.535000E-7	-0.005070
13.505000	5.000000E-5	-6.325000E-7	-0.012650
13.514000	5.000000E-5	3.805000E-7	0.007610
13.524000	5.000000E-5	1.685000E-7	0.003370
13.535000	5.000000E-5	-2.950000E-7	-0.005900
13.542000	5.000000E-5	-1.260000E-7	-0.002520
13.552000	5.000000E-5	8.500000E-8	0.001700
13.562000	5.000000E-5	-8.425000E-7	-0.016850
13.565000	5.000000E-5	5.000000E-10	0.000010
13.572000	5.000000E-5	-7.170000E-7	-0.014340
13.582000	5.000000E-5	-6.325000E-7	-0.012650
13.591000	5.000000E-5	-7.175000E-7	-0.014350
13.601000	5.000000E-5	-4.250000E-8	-0.000850
13.610000	5.000000E-5	8.400000E-8	0.001680
13.620000	5.000000E-5	-2.945000E-7	-0.005890
13.629000	5.000000E-5	-4.635000E-7	-0.009270
13.640000	5.000000E-5	-7.595000E-7	-0.015190
13.646000	5.000000E-5	4.215000E-7	0.008430
13.653000	5.000000E-5	-4.300000E-8	-0.000860
13.660000	5.000000E-5	5.055000E-7	0.010110
13.664000	5.000000E-5	-1.680000E-7	-0.003360
13.674000	5.000000E-5	1.275000E-7	0.002550
13.683000	5.000000E-5	3.790000E-7	0.007580
13.693000	5.000000E-5	-5.000000E-10	-0.000010
13.713000	5.000000E-5	-3.795000E-7	-0.007590
13.721000	5.000000E-5	-1.265000E-7	-0.002530
13.731000	5.000000E-5	5.910000E-7	0.011820
13.741000	5.000000E-5	5.900000E-7	0.011800
13.750000	5.000000E-5	-1.680000E-7	-0.003360
13.759000	5.000000E-5	5.905000E-7	0.011810
13.766000	5.000000E-5	-2.115000E-7	-0.004230
13.776000	5.000000E-5	-2.950000E-7	-0.005900
13.799000	5.000000E-5	-7.590000E-7	-0.015180
13.808000	5.000000E-5	-4.630000E-7	-0.009260
13.815000	5.000000E-5	-5.480000E-7	-0.010960
13.821000	5.000000E-5	-5.000000E-10	-0.000010
13.829000	5.000000E-5	5.895000E-7	0.011790
13.837000	5.000000E-5	-2.110000E-7	-0.004220
13.844000	5.000000E-5	-8.865000E-7	-0.017730
13.851000	5.000000E-5	-2.110000E-7	-0.004220
13.874000	5.000000E-5	-3.800000E-7	-0.007600
13.882000	5.000000E-5	-2.950000E-7	-0.005900
13.891000	5.000000E-5	1.265000E-7	0.002530
13.899000	5.000000E-5	0.000000E+0	0.000000
13.907000	5.000000E-5	-2.955000E-7	-0.005910
13.915000	5.000000E-5	-2.110000E-7	-0.004220
13.924000	5.000000E-5	-2.105000E-7	-0.004210
13.932000	5.000000E-5	-2.110000E-7	-0.004220
13.955000	5.000000E-5	2.100000E-7	0.004200
13.963000	5.000000E-5	4.200000E-8	0.000840
13.971000	5.000000E-5	1.680000E-7	0.003360
13.980000	5.000000E-5	-1.685000E-7	-0.003370
13.989000	5.000000E-5	1.265000E-7	0.002530
13.998000	5.000000E-5	-4.635000E-7	-0.009270
14.007000	5.000000E-5	-5.050000E-7	-0.010100
14.015000	5.000000E-5	1.685000E-7	0.003370
14.039000	5.000000E-5	8.400000E-8	0.001680
14.048000	5.000000E-5	5.480000E-7	0.010960
14.057000	5.000000E-5	5.900000E-7	0.011800
14.066000	5.000000E-5	-2.110000E-7	-0.004220
14.074000	5.000000E-5	2.955000E-7	0.005910
14.083000	5.000000E-5	4.215000E-7	0.008430
14.093000	5.000000E-5	1.265000E-7	0.002530
14.100000	5.000000E-5	4.215000E-7	0.008430
14.119000	5.000000E-5	-6.320000E-7	-0.012640
14.130000	5.000000E-5	1.685000E-7	0.003370
14.139000	5.000000E-5	-1.270000E-7	-0.002540
14.148000	5.000000E-5	-5.060000E-7	-0.010120
14.159000	5.000000E-5	-3.370000E-7	-0.006740
14.167000	5.000000E-5	0.000000E+0	0.000000
14.177000	5.000000E-5	-4.640000E-7	-0.009280
14.186000	5.000000E-5	8.855000E-7	0.017710
14.202000	5.000000E-5	-2.115000E-7	-0.004230
14.211000	5.000000E-5	-2.530000E-7	-0.005060
14.220000	5.000000E-5	4.200000E-8	0.000840
14.230000	5.000000E-5	-2.960000E-7	-0.005920
14.239000	5.000000E-5	-8.500000E-8	-0.001700
14.247000	5.000000E-5	-5.905000E-7	-0.011810
14.257000	5.000000E-5	1.265000E-7	0.002530
14.264000	5.000000E-5	4.645000E-7	0.009290
14.278000	5.000000E-5	-1.096000E-6	-0.021920
14.287000	5.000000E-5	8.450000E-8	0.001690
14.295000	5.000000E-5	-4.215000E-7	-0.008430
14.305000	5.000000E-5	-2.105000E-7	-0.004210
14.315000	5.000000E-5	4.635000E-7	0.009270
14.324000	5.000000E-5	5.000000E-10	0.000010
14.334000	5.000000E-5	3.375000E-7	0.006750
14.342000	5.000000E-5	5.485000E-7	0.010970
14.353000	5.000000E-5	-8.450000E-8	-0.001690
14.364000	5.000000E-5	2.950000E-7	0.005900
14.374000	5.000000E-5	4.250000E-8	0.000850
14.384000	5.000000E-5	5.000000E-10	0.000010
14.392000	5.000000E-5	-1.685000E-7	-0.003370
14.400000	5.000000E-5	1.265000E-7	0.002530
14.411000	5.000000E-5	-3.800000E-7	-0.007600
14.420000	5.000000E-5	4.225000E-7	0.008450
14.430000	5.000000E-5	-1.685000E-7	-0.003370
14.439000	5.000000E-5	-2.530000E-7	-0.005060
14.448000	5.000000E-5	1.265000E-7	0.002530
14.457000	5.000000E-5	5.905000E-7	0.011810
14.467000	5.000000E-5	-8.860000E-7	-0.017720
14.476000	5.000000E-5	9.275000E-7	0.018550
14.486000	5.000000E-5	5.000000E-10	0.000010
14.497000	5.000000E-5	6.330000E-7	0.012660
14.504000	5.000000E-5	2.105000E-7	0.004210
14.514000	5.000000E-5	2.525000E-7	0.005050
14.524000	5.000000E-5	-2.950000E-7	-0.005900
14.535000	5.000000E-5	0.000000E+0	0.000000
14.545000	5.000000E-5	-1.685000E-7	-0.003370
14.554000	5.000000E-5	6.325000E-7	0.012650
14.564000	5.000000E-5	-1.685000E-7	-0.003370
14.575000	5.000000E-5	-1.265000E-7	-0.002530
14.581000	5.000000E-5	-4.150000E-8	-0.000830
14.592000	5.000000E-5	1.222000E-6	0.024440
14.602000	5.000000E-5	-1.265000E-7	-0.002530
14.611000	5.000000E-5	-4.250000E-8	-0.000850
14.620000	5.000000E-5	8.500000E-8	0.001700
14.630000	5.000000E-5	-4.210000E-7	-0.008420
14.641000	5.000000E-5	-5.060000E-7	-0.010120
14.651000	5.000000E-5	4.225000E-7	0.008450
14.657000	5.000000E-5	1.685000E-7	0.003370
14.666000	5.000000E-5	3.790000E-7	0.007580
14.676000	5.000000E-5	5.490000E-7	0.010980
14.686000	5.000000E-5	6.750000E-7	0.013500
14.698000	5.000000E-5	1.260000E-7	0.002520
14.707000	5.000000E-5	1.680000E-7	0.003360
14.718000	5.000000E-5	-2.110000E-7	-0.004220
14.728000	5.000000E-5	3.370000E-7	0.006740
14.733000	5.000000E-5	-5.060000E-7	-0.010120
14.744000	5.000000E-5	-5.000000E-10	-0.000010
14.754000	5.000000E-5	5.000000E-10	0.000010
14.764000	5.000000E-5	-4.150000E-8	-0.000830
14.773000	5.000000E-5	4.200000E-8	0.000840
14.784000	5.000000E-5	-1.265000E-7	-0.002530
14.795000	5.000000E-5	-8.450000E-8	-0.001690
14.804000	5.000000E-5	2.950000E-7	0.005900
14.809000	5.000000E-5	2.530000E-7	0.005060
14.819000	5.000000E-5	-2.525000E-7	-0.005050
14.830000	5.000000E-5	2.535000E-7	0.005070
14.839000	5.000000E-5	-1.012500E-6	-0.020250
14.849000	5.000000E-5	-3.380000E-7	-0.006760
14.860000	5.000000E-5	-5.905000E-7	-0.011810
14.869000	5.000000E-5	-2.945000E-7	-0.005890
14.880000	5.000000E-5	2.535000E-7	0.005070
14.881000	5.000000E-5	-8.450000E-8	-0.001690
14.892000	5.000000E-5	5.000000E-10	0.000010
14.902000	5.000000E-5	-2.110000E-7	-0.004220
14.910000	5.000000E-5	-5.065000E-7	-0.010130
14.920000	5.000000E-5	-8.010000E-7	-0.016020
14.928000	5.000000E-5	-2.105000E-7	-0.004210
14.939000	5.000000E-5	1.012500E-6	0.020250
14.949000	5.000000E-5	-8.400000E-8	-0.001680
14.952000	5.000000E-5	5.910000E-7	0.011820
14.962000	5.000000E-5	-6.745000E-7	-0.013490
14.973000	5.000000E-5	-4.635000E-7	-0.009270
14.984000	5.000000E-5	4.300000E-8	0.000860
14.994000	5.000000E-5	-2.955000E-7	-0.005910
15.004000	5.000000E-5	-6.745000E-7	-0.013490
15.017000	5.000000E-5	-2.530000E-7	-0.005060
15.025000	5.000000E-5	-5.060000E-7	-0.010120
15.029000	5.000000E-5	8.400000E-8	0.001680
15.040000	5.000000E-5	-8.010000E-7	-0.016020
15.051000	5.000000E-5	-3.370000E-7	-0.006740
15.061000	5.000000E-5	-8.450000E-8	-0.001690
15.072000	5.000000E-5	-3.375000E-7	-0.006750
15.083000	5.000000E-5	4.150000E-8	0.000830
15.095000	5.000000E-5	-4.640000E-7	-0.009280
15.105000	5.000000E-5	-1.690000E-7	-0.003380
15.111000	5.000000E-5	-6.745000E-7	-0.013490
15.122000	5.000000E-5	-1.690000E-7	-0.003380
15.132000	5.000000E-5	-3.375000E-7	-0.006750
15.142000	5.000000E-5	-3.795000E-7	-0.007590
15.152000	5.000000E-5	-3.370000E-7	-0.006740
15.162000	5.000000E-5	2.115000E-7	0.004230
15.172000	5.000000E-5	0.000000E+0	0.000000
15.183000	5.000000E-5	-8.400000E-8	-0.001680
15.194000	5.000000E-5	4.200000E-8	0.000840
15.203000	5.000000E-5	-5.480000E-7	-0.010960
15.213000	5.000000E-5	-5.060000E-7	-0.010120
15.223000	5.000000E-5	-1.685000E-7	-0.003370
15.234000	5.000000E-5	-4.200000E-8	-0.000840
15.242000	5.000000E-5	8.010000E-7	0.016020
15.253000	5.000000E-5	8.500000E-8	0.001700
15.263000	5.000000E-5	-4.150000E-8	-0.000830
15.275000	5.000000E-5	2.525000E-7	0.005050
15.283000	5.000000E-5	-5.480000E-7	-0.010960
15.292000	5.000000E-5	-1.265000E-7	-0.002530
15.301000	5.000000E-5	2.950000E-7	0.005900
15.311000	5.000000E-5	-2.110000E-7	-0.004220
15.320000	5.000000E-5	2.115000E-7	0.004230
15.329000	5.000000E-5	-2.105000E-7	-0.004210
15.339000	5.000000E-5	-6.320000E-7	-0.012640
15.354000	5.000000E-5	-1.265000E-7	-0.002530
15.364000	5.000000E-5	-2.955000E-7	-0.005910
15.372000	5.000000E-5	-3.790000E-7	-0.007580
15.381000	5.000000E-5	-5.480000E-7	-0.010960
15.390000	5.000000E-5	-2.105000E-7	-0.004210
15.399000	5.000000E-5	-2.950000E-7	-0.005900
15.409000	5.000000E-5	-3.370000E-7	-0.006740
15.418000	5.000000E-5	-6.745000E-7	-0.013490
15.435000	5.000000E-5	2.955000E-7	0.005910
15.445000	5.000000E-5	-8.450000E-8	-0.001690
15.454000	5.000000E-5	2.950000E-7	0.005900
15.464000	5.000000E-5	-5.900000E-7	-0.011800
15.472000	5.000000E-5	8.500000E-8	0.001700
15.482000	5.000000E-5	3.370000E-7	0.006740
15.491000	5.000000E-5	2.530000E-7	0.005060
15.501000	5.000000E-5	-5.485000E-7	-0.010970
15.518000	5.000000E-5	0.000000E+0	0.000000
15.527000	5.000000E-5	-1.685000E-7	-0.003370
15.535000	5.000000E-5	2.530000E-7	0.005060
15.544000	5.000000E-5	-1.690000E-7	-0.003380
15.553000	5.000000E-5	-9.695000E-7	-0.019390
15.561000	5.000000E-5	6.750000E-7	0.013500
15.560000	5.000000E-5	2.525000E-7	0.005050
15.570000	5.000000E-5	-2.950000E-7	-0.005900
15.587000	5.000000E-5	-4.100000E-8	-0.000820
15.595000	5.000000E-5	0.000000E+0	0.000000
15.603000	5.000000E-5	-4.220000E-7	-0.008440
15.613000	5.000000E-5	-5.905000E-7	-0.011810
15.621000	5.000000E-5	-8.450000E-8	-0.001690
15.631000	5.000000E-5	1.012000E-6	0.020240
15.641000	5.000000E-5	-3.800000E-7	-0.007600
15.649000	5.000000E-5	2.110000E-7	0.004220
15.667000	5.000000E-5	-4.200000E-8	-0.000840
15.676000	5.000000E-5	2.530000E-7	0.005060
15.685000	5.000000E-5	-5.060000E-7	-0.010120
15.693000	5.000000E-5	-3.790000E-7	-0.007580
15.702000	5.000000E-5	-5.065000E-7	-0.010130
15.714000	5.000000E-5	-3.795000E-7	-0.007590
15.722000	5.000000E-5	-8.010000E-7	-0.016020
15.731000	5.000000E-5	-4.200000E-8	-0.000840
15.749000	5.000000E-5	-5.480000E-7	-0.010960
15.757000	5.000000E-5	-5.905000E-7	-0.011810
15.765000	5.000000E-5	-4.220000E-7	-0.008440
15.775000	5.000000E-5	-2.105000E-7	-0.004210
15.784000	5.000000E-5	0.000000E+0	0.000000
15.793000	5.000000E-5	-4.300000E-8	-0.000860
15.802000	5.000000E-5	-2.950000E-7	-0.005900
15.810000	5.000000E-5	8.400000E-8	0.001680
15.827000	5.000000E-5	3.375000E-7	0.006750
15.834000	5.000000E-5	8.400000E-8	0.001680
15.843000	5.000000E-5	4.240000E-8	0.000848
15.853000	5.000000E-5	-5.058500E-7	-0.010117
15.861000	5.000000E-5	-1.269000E-7	-0.002538
15.870000	5.000000E-5	-5.500000E-10	-0.000011
15.879000	5.000000E-5	-1.263500E-7	-0.002527
15.887000	5.000000E-5	3.372000E-7	0.006744
15.904000	5.000000E-5	-2.522500E-7	-0.005045
15.913000	5.000000E-5	1.686500E-7	0.003373
15.922000	5.000000E-5	1.687000E-7	0.003374
15.931000	5.000000E-5	-2.109500E-7	-0.004219
15.942000	5.000000E-5	4.205000E-8	0.000841
15.951000	5.000000E-5	-1.000000E-10	-0.000002
15.960000	5.000000E-5	2.955500E-7	0.005911
15.970000	5.000000E-5	8.495000E-8	0.001699
15.984000	5.000000E-5	4.000000E-10	0.000008
15.994000	5.000000E-5	-8.430000E-8	-0.001686
16.005000	5.000000E-5	3.374500E-7	0.006749
16.017000	5.000000E-5	5.052500E-7	0.010105
16.026000	5.000000E-5	-2.107500E-7	-0.004215
16.039000	5.000000E-5	-1.000000E-10	-0.000002
16.050000	5.000000E-5	-2.111500E-7	-0.004223
16.060000	5.000000E-5	-4.214500E-7	-0.008429
16.078000	5.000000E-5	-2.532500E-7	-0.005065
16.088000	5.000000E-5	-2.108000E-7	-0.004216
16.100000	5.000000E-5	2.533000E-7	0.005066
16.110000	5.000000E-5	-9.698000E-7	-0.019396
16.122000	5.000000E-5	-4.635000E-7	-0.009270
16.133000	5.000000E-5	-4.225000E-8	-0.000845
16.144000	5.000000E-5	2.950000E-7	0.005900
16.154000	5.000000E-5	5.000000E-10	0.000010
16.167000	5.000000E-5	8.390000E-8	0.001678
16.177000	5.000000E-5	1.266500E-7	0.002533
16.187000	5.000000E-5	-3.500000E-10	-0.000007
16.197000	5.000000E-5	-2.105000E-7	-0.004210
16.207000	5.000000E-5	-6.750500E-7	-0.013501
16.216000	5.000000E-5	-3.371000E-7	-0.006742
16.225000	5.000000E-5	-1.263000E-7	-0.002526
16.236000	5.000000E-5	6.323500E-7	0.012647
16.247000	5.000000E-5	5.000000E-11	0.000001
16.256000	5.000000E-5	-8.435000E-8	-0.001687
16.266000	5.000000E-5	8.436000E-7	0.016872
16.276000	5.000000E-5	-4.265000E-8	-0.000853
16.285000	5.000000E-5	-2.944500E-7	-0.005889
16.294000	5.000000E-5	1.500000E-10	0.000003
16.301000	5.000000E-5	-4.219500E-7	-0.008439
16.311000	5.000000E-5	-4.165000E-8	-0.000833
16.319000	5.000000E-5	4.636500E-7	0.009273
16.329000	5.000000E-5	-2.952500E-7	-0.005905
16.339000	5.000000E-5	-1.267500E-7	-0.002535
16.349000	5.000000E-5	-4.240000E-8	-0.000848
16.360000	5.000000E-5	2.952500E-7	0.005905
16.370000	5.000000E-5	-2.531500E-7	-0.005063
16.381000	5.000000E-5	1.691000E-7	0.003382
16.392000	5.000000E-5	-4.250000E-8	-0.000850
16.402000	5.000000E-5	1.265500E-7	0.002531
16.413000	5.000000E-5	5.483500E-7	0.010967
16.423000	5.000000E-5	2.105500E-7	0.004211
16.434000	5.000000E-5	2.525000E-7	0.005050
16.444000	5.000000E-5	-1.681500E-7	-0.003363
16.453000	5.000000E-5	8.425000E-8	0.001685
16.463000	5.000000E-5	1.686500E-7	0.003373
16.475000	5.000000E-5	-4.216000E-7	-0.008432
16.485000	5.000000E-5	-3.370000E-7	-0.006740
16.495000	5.000000E-5	-2.946000E-7	-0.005892
16.504000	5.000000E-5	-1.687000E-7	-0.003374
16.516000	5.000000E-5	2.107000E-7	0.004214
16.527000	5.000000E-5	6.745000E-7	0.013490
16.538000	5.000000E-5	2.953000E-7	0.005906
16.550000	5.000000E-5	2.109000E-7	0.004218
16.558000	5.000000E-5	4.221000E-7	0.008442
16.568000	5.000000E-5	-6.323500E-7	-0.012647
16.579000	5.000000E-5	-8.430000E-8	-0.001686
16.590000	5.000000E-5	1.264500E-7	0.002529
16.601000	5.000000E-5	6.324500E-7	0.012649
16.612000	5.000000E-5	4.140000E-8	0.000828
16.623000	5.000000E-5	-8.445000E-8	-0.001689
16.634000	5.000000E-5	-1.500000E-10	-0.000003
16.644000	5.000000E-5	-5.478000E-7	-0.010956
16.653000	5.000000E-5	-5.476000E-7	-0.010952
16.663000	5.000000E-5	-1.689000E-7	-0.003378
16.673000	5.000000E-5	-8.435000E-8	-0.001687
16.684000	5.000000E-5	3.793500E-7	0.007587
16.692000	5.000000E-5	-4.219500E-7	-0.008439
16.703000	5.000000E-5	-4.250000E-8	-0.000850
16.711000	5.000000E-5	7.580500E-7	0.015161
16.722000	5.000000E-5	-4.219500E-7	-0.008439
16.727000	5.000000E-5	1.500000E-10	0.000003
16.736000	5.000000E-5	8.420000E-8	0.001684
16.746000	5.000000E-5	-1.684500E-7	-0.003369
16.755000	5.000000E-5	2.109500E-7	0.004219
16.764000	5.000000E-5	8.440000E-8	0.001688
16.773000	5.000000E-5	8.431000E-7	0.016862
16.782000	5.000000E-5	4.215500E-7	0.008431
16.793000	5.000000E-5	-3.374500E-7	-0.006749
16.800000	5.000000E-5	-2.108000E-7	-0.004216
16.809000	5.000000E-5	-1.689500E-7	-0.003379
16.819000	5.000000E-5	2.530000E-7	0.005060
16.830000	5.000000E-5	1.264500E-7	0.002529
16.840000	5.000000E-5	5.902500E-7	0.011805
16.850000	5.000000E-5	1.053850E-6	0.021077
16.861000	5.000000E-5	-2.949500E-7	-0.005899
16.870000	5.000000E-5	-4.200000E-8	-0.000840
16.878000	5.000000E-5	4.216000E-7	0.008432
16.891000	5.000000E-5	4.634500E-7	0.009269
16.900000	5.000000E-5	-2.536000E-7	-0.005072
16.913000	5.000000E-5	3.797000E-7	0.007594
16.922000	5.000000E-5	4.634000E-7	0.009268
16.934000	5.000000E-5	1.688500E-7	0.003377
16.945000	5.000000E-5	-1.681000E-7	-0.003362
16.956000	5.000000E-5	-8.851000E-7	-0.017702
16.964000	5.000000E-5	4.215000E-7	0.008430
16.975000	5.000000E-5	6.746000E-7	0.013492
16.987000	5.000000E-5	-2.109000E-7	-0.004218
16.997000	5.000000E-5	1.500000E-10	0.000003
17.009000	5.000000E-5	4.220000E-8	0.000844
17.017000	5.000000E-5	-2.528500E-7	-0.005057
17.029000	5.000000E-5	4.219500E-7	0.008439
17.040000	5.000000E-5	1.261500E-7	0.002523
17.048000	5.000000E-5	-5.905000E-7	-0.011810
17.058000	5.000000E-5	3.373000E-7	0.006746
17.067000	5.000000E-5	-2.531500E-7	-0.005063
17.080000	5.000000E-5	2.115000E-7	0.004230
17.091000	5.000000E-5	-2.107000E-7	-0.004214
17.100000	5.000000E-5	2.104500E-7	0.004209
17.110000	5.000000E-5	-2.104000E-7	-0.004208
17.121000	5.000000E-5	2.106500E-7	0.004213
17.126000	5.000000E-5	4.641500E-7	0.009283
17.137000	5.000000E-5	8.390000E-8	0.001678
17.146000	5.000000E-5	-2.952000E-7	-0.005904
17.157000	5.000000E-5	3.374000E-7	0.006748
17.166000	5.000000E-5	-2.524000E-7	-0.005048
17.178000	5.000000E-5	1.693000E-7	0.003386
17.187000	5.000000E-5	-1.688500E-7	-0.003377
17.195000	5.000000E-5	-8.430000E-8	-0.001686
17.202000	5.000000E-5	2.111500E-7	0.004223
17.211000	5.000000E-5	-7.164500E-7	-0.014329
17.221000	5.000000E-5	-3.789500E-7	-0.007579
17.232000	5.000000E-5	2.531500E-7	0.005063
17.240000	5.000000E-5	-1.683500E-7	-0.003367
17.250000	5.000000E-5	2.110000E-7	0.004220
17.260000	5.000000E-5	-3.376000E-7	-0.006752
17.270000	5.000000E-5	-3.368000E-7	-0.006736
17.275000	5.000000E-5	3.799000E-7	0.007598
17.285000	5.000000E-5	-2.959500E-7	-0.005919
17.294000	5.000000E-5	2.531000E-7	0.005062
17.303000	5.000000E-5	5.485000E-7	0.010970
17.313000	5.000000E-5	-2.106000E-7	-0.004212
17.321000	5.000000E-5	-2.100500E-7	-0.004201
17.330000	5.000000E-5	5.903000E-7	0.011806
17.341000	5.000000E-5	-4.200000E-8	-0.000840
17.348000	5.000000E-5	8.405000E-8	0.001681
17.359000	5.000000E-5	-3.803000E-7	-0.007606
17.368000	5.000000E-5	-4.205000E-8	-0.000841
17.377000	5.000000E-5	8.485000E-8	0.001697
17.389000	5.000000E-5	5.489000E-7	0.010978
17.398000	5.000000E-5	-1.257500E-7	-0.002515
17.409000	5.000000E-5	-7.587000E-7	-0.015174
17.420000	5.000000E-5	-1.261500E-7	-0.002523
17.428000	5.000000E-5	4.217000E-7	0.008434
17.440000	5.000000E-5	3.798000E-7	0.007596
17.451000	5.000000E-5	8.008500E-7	0.016017
17.460000	5.000000E-5	3.377500E-7	0.006755
17.472000	5.000000E-5	1.262000E-7	0.002524
17.482000	5.000000E-5	-2.108000E-7	-0.004216
17.493000	5.000000E-5	-3.373000E-7	-0.006746
17.503000	5.000000E-5	2.951000E-7	0.005902
17.513000	5.000000E-5	2.107500E-7	0.004215
17.522000	5.000000E-5	-5.060000E-7	-0.010120
17.531000	5.000000E-5	-2.951500E-7	-0.005903
17.542000	5.000000E-5	-8.430000E-8	-0.001686
17.555000	5.000000E-5	-8.420000E-8	-0.001684
17.563000	5.000000E-5	4.250000E-8	0.000850
17.573000	5.000000E-5	3.377000E-7	0.006754
17.583000	5.000000E-5	-5.062000E-7	-0.010124
17.595000	5.000000E-5	-4.220000E-8	-0.000844
17.603000	5.000000E-5	-8.400000E-8	-0.001680
17.613000	5.000000E-5	6.322500E-7	0.012645
17.624000	5.000000E-5	-1.693500E-7	-0.003387
17.634000	5.000000E-5	2.527500E-7	0.005055
17.644000	5.000000E-5	-3.372000E-7	-0.006744
17.657000	5.000000E-5	2.950500E-7	0.005901
17.666000	5.000000E-5	-2.528500E-7	-0.005057
17.677000	5.000000E-5	-2.950500E-7	-0.005901
17.689000	5.000000E-5	4.640000E-7	0.009280
17.698000	5.000000E-5	1.687000E-7	0.003374
17.707000	5.000000E-5	-4.215000E-7	-0.008430
17.718000	5.000000E-5	1.687000E-7	0.003374
17.728000	5.000000E-5	-3.368000E-7	-0.006736
17.738000	5.000000E-5	8.009500E-7	0.016019
17.749000	5.000000E-5	4.220500E-7	0.008441
17.760000	5.000000E-5	3.370000E-7	0.006740
17.771000	5.000000E-5	-8.405000E-8	-0.001681
17.780000	5.000000E-5	4.215000E-8	0.000843
17.790000	5.000000E-5	1.691000E-7	0.003382
17.801000	5.000000E-5	-4.000000E-10	-0.000008
17.812000	5.000000E-5	8.854000E-7	0.017708
17.822000	5.000000E-5	-4.639000E-7	-0.009278
17.833000	5.000000E-5	5.480000E-7	0.010960
17.845000	5.000000E-5	2.500000E-10	0.000005
17.854000	5.000000E-5	2.526500E-7	0.005053
17.865000	5.000000E-5	2.950500E-7	0.005901
17.875000	5.000000E-5	8.430000E-8	0.001686
17.884000	5.000000E-5	-3.373000E-7	-0.006746
17.894000	5.000000E-5	1.264000E-7	0.002528
17.904000	5.000000E-5	-1.000000E-10	-0.000002
17.917000	5.000000E-5	1.268500E-7	0.002537
17.932000	5.000000E-5	2.951500E-7	0.005903
17.941000	5.000000E-5	8.435000E-8	0.001687
17.953000	5.000000E-5	-1.688000E-7	-0.003376
17.963000	5.000000E-5	4.213000E-7	0.008426
17.974000	5.000000E-5	-4.225000E-8	-0.000845
17.987000	5.000000E-5	1.268500E-7	0.002537
17.994000	5.000000E-5	1.693000E-7	0.003386
18.003000	5.000000E-5	-4.250000E-8	-0.000850
18.018000	5.000000E-5	-4.195000E-8	-0.000839
18.027000	5.000000E-5	-4.215000E-8	-0.000843
18.037000	5.000000E-5	-2.957000E-7	-0.005914
18.047000	5.000000E-5	-6.324500E-7	-0.012649
18.058000	5.000000E-5	-5.479000E-7	-0.010958
18.068000	5.000000E-5	-5.058500E-7	-0.010117
18.077000	5.000000E-5	-3.796500E-7	-0.007593
18.086000	5.000000E-5	2.534000E-7	0.005068
18.102000	5.000000E-5	8.430000E-7	0.016860
18.110000	5.000000E-5	-2.112500E-7	-0.004225
18.118000	5.000000E-5	-6.328000E-7	-0.012656
18.129000	5.000000E-5	4.221500E-7	0.008443
18.139000	5.000000E-5	-2.951500E-7	-0.005903
18.150000	5.000000E-5	-3.371500E-7	-0.006743
18.159000	5.000000E-5	-5.474000E-7	-0.010948
18.170000	5.000000E-5	4.215000E-7	0.008430
18.184000	5.000000E-5	-4.634500E-7	-0.009269
18.194000	5.000000E-5	2.950500E-7	0.005901
18.204000	5.000000E-5	-4.635500E-7	-0.009271
18.212000	5.000000E-5	1.500000E-10	0.000003
18.223000	5.000000E-5	-2.956000E-7	-0.005912
18.232000	5.000000E-5	-2.108500E-7	-0.004217
18.241000	5.000000E-5	4.218000E-7	0.008436
18.252000	5.000000E-5	1.268500E-7	0.002537
18.266000	5.000000E-5	6.745500E-7	0.013491
18.277000	5.000000E-5	3.795500E-7	0.007591
18.285000	5.000000E-5	1.688000E-7	0.003376
18.295000	5.000000E-5	4.210000E-8	0.000842
18.306000	5.000000E-5	2.950000E-7	0.005900
18.314000	5.000000E-5	-3.369000E-7	-0.006738
18.323000	5.000000E-5	6.327500E-7	0.012655
18.333000	5.000000E-5	4.230000E-8	0.000846
18.347000	5.000000E-5	-8.415000E-8	-0.001683
18.358000	5.000000E-5	4.275000E-8	0.000855
18.362000	5.000000E-5	3.500000E-10	0.000007
18.371000	5.000000E-5	-1.265500E-7	-0.002531
18.380000	5.000000E-5	-3.794000E-7	-0.007588
18.391000	5.000000E-5	-4.190000E-8	-0.000838
18.400000	5.000000E-5	2.104500E-7	0.004209
18.408000	5.000000E-5	1.690500E-7	0.003381
18.420000	5.000000E-5	-3.371000E-7	-0.006742
18.428000	5.000000E-5	1.684000E-7	0.003368
18.436000	5.000000E-5	1.690500E-7	0.003381
18.444000	5.000000E-5	-7.594000E-7	-0.015188
18.452000	5.000000E-5	1.686500E-7	0.003373
18.461000	5.000000E-5	3.794000E-7	0.007588
18.469000	5.000000E-5	6.327000E-7	0.012654
18.476000	5.000000E-5	1.682500E-7	0.003365
18.488000	5.000000E-5	-2.109500E-7	-0.004219
18.497000	5.000000E-5	-1.687000E-7	-0.003374
18.505000	5.000000E-5	6.322500E-7	0.012645
18.514000	5.000000E-5	-7.173500E-7	-0.014347
18.522000	5.000000E-5	-5.897000E-7	-0.011794
18.530000	5.000000E-5	1.263000E-7	0.002526
18.541000	5.000000E-5	-2.948500E-7	-0.005897
18.549000	5.000000E-5	3.370000E-7	0.006740
18.563000	5.000000E-5	-1.265000E-7	-0.002530
18.571000	5.000000E-5	-1.684500E-7	-0.003369
18.579000	5.000000E-5	-1.263000E-7	-0.002526
18.590000	5.000000E-5	7.582000E-7	0.015164
18.601000	5.000000E-5	4.217500E-7	0.008435
18.610000	5.000000E-5	2.525500E-7	0.005051
18.620000	5.000000E-5	2.106500E-7	0.004213
18.629000	5.000000E-5	8.425000E-8	0.001685
18.645000	5.000000E-5	8.433500E-7	0.016867
18.653000	5.000000E-5	8.440000E-8	0.001688
18.663000	5.000000E-5	1.686000E-7	0.003372
18.673000	5.000000E-5	-4.195000E-8	-0.000839
18.682000	5.000000E-5	2.528000E-7	0.005056
18.690000	5.000000E-5	-3.798000E-7	-0.007596
18.699000	5.000000E-5	-5.901500E-7	-0.011803
18.709000	5.000000E-5	-2.108000E-7	-0.004216
18.724000	5.000000E-5	-6.748000E-7	-0.013496
18.734000	5.000000E-5	-5.060000E-7	-0.010120
18.743000	5.000000E-5	-2.949500E-7	-0.005899
18.751000	5.000000E-5	5.905000E-7	0.011810
18.761000	5.000000E-5	-7.163500E-7	-0.014327
18.770000	5.000000E-5	-5.500000E-10	-0.000011
18.781000	5.000000E-5	-8.430000E-8	-0.001686
18.792000	5.000000E-5	8.010500E-7	0.016021
18.805000	5.000000E-5	-2.530500E-7	-0.005061
18.814000	5.000000E-5	4.218500E-7	0.008437
18.823000	5.000000E-5	5.478500E-7	0.010957
18.833000	5.000000E-5	-1.349300E-6	-0.026986
18.844000	5.000000E-5	9.276500E-7	0.018553
18.853000	5.000000E-5	-8.450000E-8	-0.001690
18.864000	5.000000E-5	-5.064500E-7	-0.010129
18.873000	5.000000E-5	1.685500E-7	0.003371
18.886000	5.000000E-5	1.264000E-7	0.002528
18.896000	5.000000E-5	8.450000E-8	0.001690
18.906000	5.000000E-5	4.180000E-8	0.000836
18.918000	5.000000E-5	-1.266500E-7	-0.002533
18.927000	5.000000E-5	-2.956500E-7	-0.005913
18.937000	5.000000E-5	-5.481500E-7	-0.010963
18.945000	5.000000E-5	-4.325000E-8	-0.000865
18.955000	5.000000E-5	-4.211500E-7	-0.008423
18.968000	5.000000E-5	4.215000E-8	0.000843
18.977000	5.000000E-5	1.681500E-7	0.003363
18.988000	5.000000E-5	6.744000E-7	0.013488
18.999000	5.000000E-5	-4.235000E-8	-0.000847
19.009000	5.000000E-5	1.692000E-7	0.003384
19.016000	5.000000E-5	-2.530000E-7	-0.005060
19.026000	5.000000E-5	-2.110500E-7	-0.004221
19.035000	5.000000E-5	-2.950000E-7	-0.005900
19.047000	5.000000E-5	-3.794000E-7	-0.007588
19.055000	5.000000E-5	7.592500E-7	0.015185
19.065000	5.000000E-5	-6.751500E-7	-0.013503
19.074000	5.000000E-5	-3.370500E-7	-0.006741
19.083000	5.000000E-5	1.054400E-6	0.021088
19.091000	5.000000E-5	5.901500E-7	0.011803
19.101000	5.000000E-5	-5.059500E-7	-0.010119
19.111000	5.000000E-5	5.055500E-7	0.010111
19.121000	5.000000E-5	4.217500E-7	0.008435
19.131000	5.000000E-5	8.400000E-8	0.001680
19.141000	5.000000E-5	-5.903000E-7	-0.011806
19.151000	5.000000E-5	2.105000E-7	0.004210
19.161000	5.000000E-5	5.904500E-7	0.011809
19.172000	5.000000E-5	1.260500E-7	0.002521
19.183000	5.000000E-5	2.108000E-7	0.004216
19.193000	5.000000E-5	1.686000E-7	0.003372
19.205000	5.000000E-5	-1.266500E-7	-0.002533
19.215000	5.000000E-5	-5.060000E-7	-0.010120
19.224000	5.000000E-5	-2.529000E-7	-0.005058
19.236000	5.000000E-5	4.185000E-8	0.000837
19.247000	5.000000E-5	4.636500E-7	0.009273
19.258000	5.000000E-5	-2.108500E-7	-0.004217
19.269000	5.000000E-5	2.107000E-7	0.004214
19.281000	5.000000E-5	3.369000E-7	0.006738
19.291000	5.000000E-5	9.273500E-7	0.018547
19.301000	5.000000E-5	-9.274000E-7	-0.018548
19.312000	5.000000E-5	-4.634000E-7	-0.009268
19.322000	5.000000E-5	2.950000E-7	0.005900
19.332000	5.000000E-5	1.681500E-7	0.003363
19.342000	5.000000E-5	2.523500E-7	0.005047
19.352000	5.000000E-5	-8.008500E-7	-0.016017
19.365000	5.000000E-5	3.374500E-7	0.006749
19.374000	5.000000E-5	-5.063500E-7	-0.010127
19.386000	5.000000E-5	-7.166500E-7	-0.014333
19.397000	5.000000E-5	2.529500E-7	0.005059
19.407000	5.000000E-5	-1.267500E-7	-0.002535
19.416000	5.000000E-5	2.110500E-7	0.004221
19.428000	5.000000E-5	-1.684500E-7	-0.003369
19.438000	5.000000E-5	-8.420000E-8	-0.001684
19.448000	5.000000E-5	-8.430000E-8	-0.001686
19.459000	5.000000E-5	4.205000E-8	0.000841
19.469000	5.000000E-5	5.907000E-7	0.011814
19.480000	5.000000E-5	-1.267500E-7	-0.002535
19.490000	5.000000E-5	3.793500E-7	0.007587
19.501000	5.000000E-5	8.470000E-8	0.001694
19.511000	5.000000E-5	-1.266500E-7	-0.002533
19.523000	5.000000E-5	-4.205000E-8	-0.000841
19.531000	5.000000E-5	1.266500E-7	0.002533
19.542000	5.000000E-5	4.245000E-8	0.000849
19.554000	5.000000E-5	5.488000E-7	0.010976
19.563000	5.000000E-5	3.373500E-7	0.006747
19.573000	5.000000E-5	8.405000E-8	0.001681
19.584000	5.000000E-5	2.102500E-7	0.004205
19.594000	5.000000E-5	3.790500E-7	0.007581
19.604000	5.000000E-5	-5.901500E-7	-0.011803
19.614000	5.000000E-5	-5.900000E-7	-0.011800
19.625000	5.000000E-5	4.213500E-7	0.008427
19.635000	5.000000E-5	-5.901500E-7	-0.011803
19.646000	5.000000E-5	-8.410000E-8	-0.001682
19.655000	5.000000E-5	-1.689500E-7	-0.003379
19.664000	5.000000E-5	7.166000E-7	0.014332
19.676000	5.000000E-5	-4.217000E-7	-0.008434
19.685000	5.000000E-5	-4.643000E-7	-0.009286
19.695000	5.000000E-5	-4.240000E-8	-0.000848
19.705000	5.000000E-5	2.533000E-7	0.005066
19.715000	5.000000E-5	3.500000E-10	0.000007
19.725000	5.000000E-5	-1.263000E-7	-0.002526
19.734000	5.000000E-5	2.954000E-7	0.005908
19.746000	5.000000E-5	-1.265500E-7	-0.002531
19.755000	5.000000E-5	-1.685500E-7	-0.003371
19.765000	5.000000E-5	-4.245000E-8	-0.000849
19.775000	5.000000E-5	-8.410000E-8	-0.001682
19.785000	5.000000E-5	-1.011950E-6	-0.020239
19.795000	5.000000E-5	4.235000E-8	0.000847
19.804000	5.000000E-5	3.370000E-7	0.006740
19.814000	5.000000E-5	-4.180000E-8	-0.000836
19.826000	5.000000E-5	-6.328500E-7	-0.012657
19.835000	5.000000E-5	8.420000E-8	0.001684
19.845000	5.000000E-5	-4.215000E-8	-0.000843
19.855000	5.000000E-5	8.395000E-8	0.001679
19.865000	5.000000E-5	-2.950500E-7	-0.005901
19.875000	5.000000E-5	4.220000E-8	0.000844
19.884000	5.000000E-5	1.261500E-7	0.002523
19.896000	5.000000E-5	1.264550E-6	0.025291
19.905000	5.000000E-5	-4.215000E-8	-0.000843
19.915000	5.000000E-5	5.481500E-7	0.010963
19.926000	5.000000E-5	3.792500E-7	0.007585
19.935000	5.000000E-5	-4.240000E-8	-0.000848
19.944000	5.000000E-5	4.214500E-7	0.008429
19.953000	5.000000E-5	4.214000E-7	0.008428
19.964000	5.000000E-5	-1.684500E-7	-0.003369
19.974000	5.000000E-5	-4.200000E-8	-0.000840
19.982000	5.000000E-5	2.104500E-7	0.004209
19.994000	5.000000E-5	-1.266000E-7	-0.002532
20.004000	5.000000E-5	-4.200000E-8	-0.000840
20.013000	5.000000E-5	-4.190000E-8	-0.000838
20.020000	5.000000E-5	9.704500E-7	0.019409
20.030000	5.000000E-5	-4.636000E-7	-0.009272
20.041000	5.000000E-5	-1.683500E-7	-0.003367
20.051000	5.000000E-5	4.160000E-8	0.000832
20.061000	5.000000E-5	3.500000E-10	0.000007
20.072000	5.000000E-5	1.685000E-7	0.003370
20.082000	5.000000E-5	1.688000E-7	0.003376
20.093000	5.000000E-5	-8.420000E-8	-0.001684
20.101000	5.000000E-5	1.267500E-7	0.002535
20.113000	5.000000E-5	8.432500E-7	0.016865
20.122000	5.000000E-5	-2.952000E-7	-0.005904
20.132000	5.000000E-5	-3.381000E-7	-0.006762
20.143000	5.000000E-5	-2.109000E-7	-0.004218
20.152000	5.000000E-5	-7.170500E-7	-0.014341
20.162000	5.000000E-5	8.445000E-8	0.001689
20.172000	5.000000E-5	-2.105000E-7	-0.004210
20.181000	5.000000E-5	-1.271000E-7	-0.002542
20.192000	5.000000E-5	-1.262500E-7	-0.002525
20.202000	5.000000E-5	4.240000E-8	0.000848
20.213000	5.000000E-5	-2.109500E-7	-0.004219
20.225000	5.000000E-5	5.480500E-7	0.010961
20.235000	5.000000E-5	5.909500E-7	0.011819
20.244000	5.000000E-5	-2.108500E-7	-0.004217
20.255000	5.000000E-5	4.639500E-7	0.009279
20.267000	5.000000E-5	4.638000E-7	0.009276
20.277000	5.000000E-5	-1.269000E-7	-0.002538
20.287000	5.000000E-5	8.851000E-7	0.017702
20.296000	5.000000E-5	-1.266500E-7	-0.002533
20.307000	5.000000E-5	-4.221000E-7	-0.008442
20.318000	5.000000E-5	-8.455000E-8	-0.001691
20.328000	5.000000E-5	-8.405000E-8	-0.001681
20.339000	5.000000E-5	-4.217000E-7	-0.008434
20.350000	5.000000E-5	-1.685000E-7	-0.003370
20.359000	5.000000E-5	-1.685000E-7	-0.003370
20.370000	5.000000E-5	-8.355000E-8	-0.001671
20.379000	5.000000E-5	-6.324500E-7	-0.012649
20.388000	5.000000E-5	-2.944500E-7	-0.005889
20.399000	5.000000E-5	1.266000E-7	0.002532
20.408000	5.000000E-5	-4.250000E-8	-0.000850
20.418000	5.000000E-5	8.415000E-8	0.001683
20.431000	5.000000E-5	-8.440000E-8	-0.001688
20.440000	5.000000E-5	-2.950500E-7	-0.005901
20.450000	5.000000E-5	8.450000E-8	0.001690
20.461000	5.000000E-5	-1.688000E-7	-0.003376
20.468000	5.000000E-5	-4.633500E-7	-0.009267
20.479000	5.000000E-5	-6.329000E-7	-0.012658
20.490000	5.000000E-5	1.263500E-7	0.002527
20.499000	5.000000E-5	-4.295000E-8	-0.000859
20.510000	5.000000E-5	-8.445000E-8	-0.001689
20.519000	5.000000E-5	5.059500E-7	0.010119
20.531000	5.000000E-5	-4.275000E-8	-0.000855
20.541000	5.000000E-5	2.109500E-7	0.004219
20.550000	5.000000E-5	-1.684000E-7	-0.003368
20.560000	5.000000E-5	-4.217000E-7	-0.008434
20.569000	5.000000E-5	-2.953500E-7	-0.005907
20.577000	5.000000E-5	-4.240000E-8	-0.000848
20.589000	5.000000E-5	-1.270500E-7	-0.002541
20.598000	5.000000E-5	4.216500E-7	0.008433
20.608000	5.000000E-5	-5.905500E-7	-0.011811
20.616000	5.000000E-5	-6.000000E-10	-0.000012
20.625000	5.000000E-5	2.529500E-7	0.005059
20.637000	5.000000E-5	-2.527500E-7	-0.005055
20.645000	5.000000E-5	4.635500E-7	0.009271
20.654000	5.000000E-5	2.106000E-7	0.004212
20.665000	5.000000E-5	3.372500E-7	0.006745
20.672000	5.000000E-5	6.320000E-7	0.012640
20.683000	5.000000E-5	8.011500E-7	0.016023
20.692000	5.000000E-5	6.322500E-7	0.012645
20.702000	5.000000E-5	-8.015000E-7	-0.016030
20.712000	5.000000E-5	2.104000E-7	0.004208
20.721000	5.000000E-5	2.953000E-7	0.005906
20.729000	5.000000E-5	1.263500E-7	0.002527
20.742000	5.000000E-5	-9.275000E-7	-0.018550
20.752000	5.000000E-5	1.262500E-7	0.002525
20.762000	5.000000E-5	-6.321000E-7	-0.012642
20.772000	5.000000E-5	-3.371500E-7	-0.006743
20.781000	5.000000E-5	8.851000E-7	0.017702
20.791000	5.000000E-5	-4.635500E-7	-0.009271
20.801000	5.000000E-5	1.687000E-7	0.003374
20.812000	5.000000E-5	1.691500E-7	0.003383
20.822000	5.000000E-5	-4.220000E-8	-0.000844
20.831000	5.000000E-5	-8.445000E-8	-0.001689
20.842000	5.000000E-5	1.260500E-7	0.002521
20.851000	5.000000E-5	-4.215500E-7	-0.008431
20.860000	5.000000E-5	-3.787500E-7	-0.007575
20.869000	5.000000E-5	-2.948500E-7	-0.005897
20.879000	5.000000E-5	4.240000E-8	0.000848
20.886000	5.000000E-5	-6.319000E-7	-0.012638
20.899000	5.000000E-5	5.000000E-11	0.000001
20.906000	5.000000E-5	-2.526000E-7	-0.005052
20.915000	5.000000E-5	-3.790500E-7	-0.007581
20.924000	5.000000E-5	1.265000E-7	0.002530
20.934000	5.000000E-5	3.792500E-7	0.007585
20.941000	5.000000E-5	4.635000E-7	0.009270
20.952000	5.000000E-5	7.171000E-7	0.014342
20.962000	5.000000E-5	-8.420000E-8	-0.001684
20.970000	5.000000E-5	-1.261500E-7	-0.002523
20.979000	5.000000E-5	4.205000E-8	0.000841
20.989000	5.000000E-5	1.272000E-7	0.002544
20.998000	5.000000E-5	2.530000E-7	0.005060
21.007000	5.000000E-5	5.000000E-11	0.000001
21.016000	5.000000E-5	-8.380000E-8	-0.001676
21.025000	5.000000E-5	-2.953500E-7	-0.005907
21.032000	5.000000E-5	-2.952500E-7	-0.005905
21.044000	5.000000E-5	-2.531000E-7	-0.005062
21.054000	5.000000E-5	1.266000E-7	0.002532
21.063000	5.000000E-5	-4.230000E-8	-0.000846
21.070000	5.000000E-5	1.688500E-7	0.003377
